subID	modeli	name	eta	Mp	wp	nll	nllsd	success	iterations
1	1	McFadden	2.89304466247559	NaN	NaN	250.268607591848	0.0514627371096877	2	9
1	2	Model2	2.53224277496339	NaN	NaN	248.799486813665	0.0712847642019056	2	14
1	3	DN	1	7.8175508260727	-0.366806411743164	241.600635843446	0.108700770765448	2	21
1	4	dDNa	1	6.15991439819337	-0.296294784545898	244.51916089623	0.0549876263163806	2	15
1	5	dDNb	1	6.83765211105347	-0.32408447265625	241.128285200669	0.0531372566123984	2	16
1	6	dDNc	1	6.40228261947632	-0.307264995574951	244.507825590676	0.0509366778925257	2	11
1	7	dDNd	1	6.68683736138046	-0.320070045255125	241.090931706801	0.0598531621891466	2	11
2	1	McFadden	83.6622393681202	NaN	NaN	349.016517162594	0.029147536204209	2	23
2	2	Model2	79.097327709198	NaN	NaN	348.35568660633	0.035457155891319	2	9
2	3	DN	1	333.472911597788	-1.54378936439753	339.382559944905	0.0379557225310725	2	17
2	4	dDNa	1	270.635001562131	-1.21007422586883	338.981323834352	0.0318985884591606	1	32
2	5	dDNb	1	271.629629600048	-1.20509097278118	341.499835475148	0.0380553659426569	1	24
2	6	dDNc	1	267.07262065626	-1.1941529475129	338.957666343097	0.0306583608386267	2	18
2	7	dDNd	1	278.260286974907	-1.23476265594363	341.513856934494	0.0356886144661313	2	21
3	1	McFadden	7.70994262695313	NaN	NaN	183.867581320569	0.0373138528106392	2	11
3	2	Model2	7.11114501953126	NaN	NaN	191.749277907407	0.0380218077218537	2	11
3	3	DN	1	2.23942916989327	0.194161450862884	180.319122124583	0.0347533778721821	2	11
3	4	dDNa	1	-2.37638368606567	0.309862613677979	190.452651984952	0.0630004907494612	2	11
3	5	dDNb	1	-1.47682380676269	0.269338989257813	188.165863676244	0.0568634698514466	2	16
3	6	dDNc	1	5.33581542968751	0.0698150634765625	191.570663090062	0.0376351828324111	2	11
3	7	dDNd	1	-0.824374447769507	0.260463053266358	188.394093280744	0.0511153743449925	1	25
4	1	McFadden	10.0816249847412	NaN	NaN	124.871496535178	0.0244979738738846	2	15
4	2	Model2	9.40402832031251	NaN	NaN	124.889517335676	0.0286349335151575	2	10
4	3	DN	1	12.4418897658587	-0.0462728373706341	124.484550336267	0.0269576548168377	2	11
4	4	dDNa	1	12.2582808885723	-0.0561064718291164	124.412928450851	0.022087057079858	2	11
4	5	dDNb	1	11.5584507305175	-0.0437924917787314	124.49096689445	0.0250633670479624	2	11
4	6	dDNc	1	11.7788284361363	-0.0462839931249619	124.442813662231	0.0311182358652621	2	11
4	7	dDNd	1	12.6584564089775	-0.0614480793476105	124.516535617786	0.0221896077852173	2	11
5	1	McFadden	6.23358869552613	NaN	NaN	152.061467338861	0.0847110130890242	2	9
5	2	Model2	5.17934570312501	NaN	NaN	154.703472320313	0.100272761317773	2	10
5	3	DN	1	16.091099190712	-0.151958453655243	148.437657532775	0.0599147115577577	2	17
5	4	dDNa	1	-1.67826447486877	0.0431233644485474	143.282914340887	0.0420773756450089	2	11
5	5	dDNb	1	-0.263246041536327	0.00692176818847651	142.579321052476	0.0621201409589355	2	11
5	6	dDNc	1	-0.871940027823435	0.0215312552434625	143.184907291574	0.0447955165051154	1	21
5	7	dDNd	1	-1.62461905479431	0.0463518053293228	143.426515790548	0.0686785283874818	2	11
6	1	McFadden	34.8443057850003	NaN	NaN	248.325485418851	0.0287202412735347	2	11
6	2	Model2	34.2345703125	NaN	NaN	248.163573346829	0.0373954077009326	2	9
6	3	DN	1	-12.5823189770803	0.397942143771797	237.899641413373	0.0320637603902446	2	11
6	4	dDNa	1	-16.8731005072594	0.42705852240324	235.682239235091	0.0282986925900832	2	11
6	5	dDNb	1	-17.8163178145885	0.432609060406685	236.74091334979	0.0314308867184088	2	20
6	6	dDNc	1	-17.4499327600002	0.430048567056656	235.683030929916	0.0285911023300606	2	11
6	7	dDNd	1	-15.4721347556624	0.413305471130298	236.732079622616	0.0290344221383122	2	18
7	1	McFadden	55.899609375	NaN	NaN	286.021733010771	0.0381147568810676	2	9
7	2	Model2	54.8771492958069	NaN	NaN	286.479149193244	0.0401178939606116	2	14
7	3	DN	1	96.1451961854094	-0.263008356296632	284.869458078124	0.0314052404396888	1	23
7	4	dDNa	1	-122.375676187398	1.01353138819541	270.704466408986	0.0383331377470371	1	24
7	5	dDNb	1	203.057976722717	-0.981285095214844	284.504282466452	0.0499982999415939	2	16
7	6	dDNc	1	-124.071418762207	1.02601852416992	270.674280209589	0.0367742138425156	2	14
7	7	dDNd	1	-113.037670135498	0.949358558654785	270.931703492019	0.039794738263237	2	15
8	1	McFadden	16.011865234375	NaN	NaN	167.124735241622	1.23827482776739	2	10
8	2	Model2	16.7182357788086	NaN	NaN	169.203496824155	0.904351807179613	2	12
8	3	DN	1	8.34516405101131	0.0870060692763104	168.841214449466	0.916991264627779	1	22
8	4	dDNa	1	9.58457031250001	0.07333984375	168.628292437559	0.10329309118804	2	12
8	5	dDNb	1	3.0369140625	0.13486328125	168.741911968257	0.910811416629214	2	12
8	6	dDNc	1	5.47008178234101	0.116014385223389	169.371871447429	0.103681072628202	2	11
8	7	dDNd	1	11.2503229022026	0.0554270884022117	168.225940258259	0.100418005591325	2	11
9	1	McFadden	7.92935595065356	NaN	NaN	190.252898936047	0.110353914904869	2	9
9	2	Model2	7.56250000000001	NaN	NaN	188.516750830383	0.08485349359712	2	9
9	3	DN	1	5.30061209201813	0.0642894029617309	190.511593129575	0.137568361107944	2	11
9	4	dDNa	1	-9.336227530241	0.286572840809822	172.392502386927	0.153457291369778	2	11
9	5	dDNb	1	-9.21231817585221	0.2792595144747	170.979458292978	0.0887078241968146	1	19
9	6	dDNc	1	-9.35269284551031	0.286494601727463	172.19448107207	0.120024675971594	2	28
9	7	dDNd	1	-6.7223326921463	0.204517495632172	171.563621278492	0.139415618104292	2	24
10	1	McFadden	26.923371887207	NaN	NaN	352.731568032055	0.0323322190071408	2	9
10	2	Model2	28.1930310964584	NaN	NaN	353.728095079533	0.0407788216497151	2	9
10	3	DN	1	33.0353114343565	-0.148061952044191	352.703753771292	0.0382796812229557	1	19
10	4	dDNa	1	-42.5222154181451	1.64358827993274	352.348314399746	0.0331497342736316	1	22
10	5	dDNb	1	-36.4739486694336	1.33402156829834	350.214197225295	0.0289542000382037	2	14
10	6	dDNc	1	6.75838289260865	0.530258846282959	352.781209962164	0.0320528730818917	2	11
10	7	dDNd	1	-37.161997482273	1.37934059954296	349.843063990866	0.0358951837666362	2	17
11	1	McFadden	458.508251953125	NaN	NaN	395.515095293687	0.0346853182678165	2	14
11	2	Model2	660.798184418678	NaN	NaN	395.419354399872	0.0394483579171563	2	11
11	3	DN	1	-18.5485736846924	1.87499923706055	328.609193674244	0.0770672337713371	2	18
11	4	dDNa	1	-7.4947021484375	1.50888671875	342.024284821784	0.0291661163906044	2	15
11	5	dDNb	1	-7.4237193460297	1.49765347600728	360.360743307952	0.0398448444033173	1	38
11	6	dDNc	1	0.0338989257812585	1.46671752929688	354.063857480022	0.0322584980732946	2	14
11	7	dDNd	1	-19.7687692713181	1.99999999999782	361.39618333676	0.0283651154878576	2	19
12	1	McFadden	109.694171269238	NaN	NaN	375.138095757742	0.0400214620233541	2	15
12	2	Model2	104.600247573853	NaN	NaN	374.865975892272	0.0333561066594864	2	11
12	3	DN	1	-175.061757282826	1.99999999999997	353.837284983121	0.0327406050003674	1	25
12	4	dDNa	1	-160.119624781609	1.98248400688171	362.421497777853	0.0317785642755047	2	16
12	5	dDNb	1	-114.428811059776	1.57703814205015	360.338252533559	0.036732054001846	2	18
12	6	dDNc	1	-155.193424108438	1.93144480786286	362.377951626131	0.0290123027472695	2	23
12	7	dDNd	1	-118.765334187046	1.61274619484611	360.349760849516	0.0290733990702198	2	29
13	1	McFadden	181.368596498063	NaN	NaN	351.337207301314	0.0390452875496079	1	19
13	2	Model2	184.233423109551	NaN	NaN	351.344903603963	0.0287228911437088	1	27
13	3	DN	1	392.120375537872	-1.45096974372864	350.663610267139	0.0265428918749186	2	18
13	4	dDNa	1	481.059577166253	-2	350.022757132623	0.0284425230361529	2	20
13	5	dDNb	1	-100.196263177693	1.99999999627471	351.326338282488	0.0304542058308831	2	13
13	6	dDNc	1	427.062162399292	-1.72394461631775	350.157830115495	0.025336661926921	2	18
13	7	dDNd	1	367.237363529205	-1.31415679175407	350.646935245984	0.0292280109113858	2	17
14	1	McFadden	10.0058349609375	NaN	NaN	168.319938828867	0.0347850204846407	2	10
14	2	Model2	9.48828125000001	NaN	NaN	168.777701740066	0.0459354976544675	2	9
14	3	DN	1	25.0177936211228	-0.20908142849803	160.604416571355	0.0275245707760403	2	11
14	4	dDNa	1	23.5851551532745	-0.214509201049805	160.319560814419	0.0252192983868797	1	18
14	5	dDNb	1	23.3007309913635	-0.206473302841187	159.263391501916	0.0197866669687717	2	23
14	6	dDNc	1	23.2861035477443	-0.211258837579953	160.302505349469	0.0338143945437871	1	21
14	7	dDNd	1	23.4105748104164	-0.20768038429087	159.280887081113	0.0236311642489004	1	20
15	1	McFadden	20.1204649925232	NaN	NaN	327.864530708938	0.033660688121374	2	9
15	2	Model2	19.5314937591553	NaN	NaN	327.670615359631	0.0420723644898635	2	12
15	3	DN	1	-14.9629344940186	0.913074684143066	317.053933947261	0.036263659063402	2	11
15	4	dDNa	1	-10.2303687989712	0.762603032588959	315.718205359512	0.0306130713486531	2	11
15	5	dDNb	1	-7.85275437207892	0.705448294943199	319.725036468533	0.0405738079843975	2	21
15	6	dDNc	1	-10.9453109741211	0.776154327392578	315.790887760609	0.0300195458755136	2	18
15	7	dDNd	1	-7.9020016132621	0.701287538802717	320.3402705158	0.0337412028023077	1	16
16	1	McFadden	13.917578125	NaN	NaN	333.419055619261	0.0315743388359213	2	9
16	2	Model2	13.832502412796	NaN	NaN	334.089633079603	0.0343849157592698	2	9
16	3	DN	1	35.7747809827328	-0.604338680952788	330.419237733403	0.0323394661678776	2	11
16	4	dDNa	1	30.1908058166504	-0.506812286376953	328.174357677395	0.0454770167665376	2	22
16	5	dDNb	1	30.1920344462851	-0.492807615947095	330.689077480256	0.0363917628946002	2	18
16	6	dDNc	1	30.1351702913642	-0.507130681723356	328.209606740364	0.0297664383772717	2	19
16	7	dDNd	1	29.8807558140389	-0.484877081996183	330.697338226908	0.0344640659817869	2	20
17	1	McFadden	40.8845336914063	NaN	NaN	260.865190852246	0.0389064987829171	2	9
17	2	Model2	40.2261196136475	NaN	NaN	260.76247542778	0.0377217797785066	2	17
17	3	DN	1	-14.0707548636943	0.457668315060437	243.776468370933	0.0382793208642226	2	11
17	4	dDNa	1	-35.8482592970133	0.625563425570726	247.809060516867	0.0432550661397011	2	11
17	5	dDNb	1	-16.1607177734375	0.489306640625	245.518940518798	0.0386378832136363	2	11
17	6	dDNc	1	-36.2720288866199	0.631739220395684	247.829240701143	0.0372894703622916	2	18
17	7	dDNd	1	-15.0334675252438	0.477382385730743	245.501735469743	0.0382426633270601	2	18
18	1	McFadden	46.4768218994141	NaN	NaN	243.669945166691	0.0370784873266953	2	12
18	2	Model2	46.31884765625	NaN	NaN	244.665818921943	0.0317201739791225	2	9
18	3	DN	1	20.1369668382802	0.216252864310081	242.435143725397	0.034829222140775	1	17
18	4	dDNa	1	3.61104729473591	0.352894634753466	241.941665161459	0.0327879266557567	2	14
18	5	dDNb	1	16.2558968354017	0.243932135589421	243.428593483671	0.0281419370210104	1	25
18	6	dDNc	1	5.09311809539795	0.345235919952393	241.914966053503	0.0379200166361726	2	11
18	7	dDNd	1	16.366295883432	0.244921731576323	243.358883944799	0.0313522818335297	2	11
19	1	McFadden	2.95459981411696	NaN	NaN	224.221750257792	0.0321941317845067	2	9
19	2	Model2	2.52236938476563	NaN	NaN	223.46179231817	0.038598864503395	2	11
19	3	DN	1	4.62159864442074	-0.187943054395146	222.462161607655	0.055535225330014	1	30
19	4	dDNa	1	4.23018379211426	-0.238248062133789	217.623893725636	0.0376708245584918	1	23
19	5	dDNb	1	4.56565270181746	-0.250482733128592	220.636460729506	0.0503849380431596	2	22
19	6	dDNc	1	-0.390374755859369	0.074151611328125	209.911320711827	0.0425842475236823	2	16
19	7	dDNd	1	4.35833216905594	-0.223542451858521	220.988414445874	0.0449308548743098	1	26
20	1	McFadden	91.1447796583176	NaN	NaN	368.586501729691	0.0364696710231256	2	13
20	2	Model2	89.9644540607929	NaN	NaN	368.266253309136	0.0364546175661296	2	13
20	3	DN	1	-126.971771210432	1.9999999910593	353.81136666216	0.0498198625269077	2	19
20	4	dDNa	1	-130.577183628082	1.92454968690872	354.631253648239	0.0297893518473641	1	17
20	5	dDNb	1	-75.7470979137201	1.44169865464321	356.477058565868	0.0346512207225383	1	28
20	6	dDNc	1	-134.311182995141	1.97082057446241	354.640954311875	0.0315926848169742	1	24
20	7	dDNd	1	-75.0926330566406	1.41510620117188	356.534237418683	0.0322928191739233	2	13
21	1	McFadden	0.388694500923165	NaN	NaN	386.07045756887	0.0319333974100483	2	15
21	2	Model2	0.38193761383264	NaN	NaN	385.811177247345	0.0332479195433775	1	19
21	3	DN	1	0.473217773437504	-2	375.154182964995	0.034300275116234	1	26
21	4	dDNa	1	-0.239547932723866	1.95023041826225	351.642280978558	0.0352166521049079	1	26
21	5	dDNb	1	-0.064344245195386	0.6329421043396	368.120276880507	0.0258713628838421	2	23
21	6	dDNc	1	-0.0830978095531378	0.730084702372551	370.598175115241	0.029297258710961	2	25
21	7	dDNd	1	-0.239332591121538	1.99999999999973	356.794469698761	0.0807248606518284	1	30
22	1	McFadden	4.05268609523774	NaN	NaN	350.249189569906	0.0420546365111808	2	17
22	2	Model2	3.25055541992188	NaN	NaN	348.776776211342	0.037793562071487	2	13
22	3	DN	1	1.21945800781251	0.591995239257812	348.32479660651	0.034929179567052	2	16
22	4	dDNa	1	4.27764131649929	-0.334658517684329	342.781749219796	0.035061732517805	2	21
22	5	dDNb	1	4.26220905196388	-0.388994141691364	344.70795613409	0.0328607830788092	1	23
22	6	dDNc	1	3.9187773970969	-0.281992772980811	344.110693400058	0.0336189669817539	1	25
22	7	dDNd	1	4.06177784204483	-0.353043746948242	346.149669701459	0.0286916406297311	2	14
23	1	McFadden	26.9773375129327	NaN	NaN	213.248532133131	0.0235763081230966	2	20
23	2	Model2	26.5103820800781	NaN	NaN	215.115255688333	0.0306145295631047	2	10
23	3	DN	1	72.8595901250839	-0.373005819320679	198.630855644045	0.0624686558141784	1	19
23	4	dDNa	1	73.9206622123718	-0.402422046661377	199.818955267253	0.026806093030498	2	11
23	5	dDNb	1	74.8660719634616	-0.404234345288176	197.98356781794	0.0288898977304243	1	22
23	6	dDNc	1	74.6426891326904	-0.407468223571777	199.814765686269	0.0349961280796532	2	15
23	7	dDNd	1	75.7264274090528	-0.409605085104704	197.9536063046	0.0239906608627575	1	22
24	1	McFadden	47.9150114209406	NaN	NaN	359.559647130505	0.0288632254451853	1	21
24	2	Model2	2.45842742919923	NaN	NaN	253.071777734041	0.0887347245371466	2	12
24	3	DN	1	-6.99264907240867	1.17104540225118	292.899352088789	0.0295324138315448	1	24
24	4	dDNa	1	0.898174766541608	-0.00913694983235463	236.680708587707	0.0266957362609915	2	21
24	5	dDNb	1	0.618524256447571	-0.00489594691316603	244.532088777238	0.0300426688924388	1	25
24	6	dDNc	1	1.02773205041886	-0.0106703191995621	238.149184934777	0.0286402914492701	1	20
24	7	dDNd	1	0.0328645706176829	0.0655493943020701	244.361635004188	0.03417156313616	2	11
25	1	McFadden	31.7476043701172	NaN	NaN	268.470503435225	0.0284196356034054	2	15
25	2	Model2	31.129248046875	NaN	NaN	268.90736874354	0.0334463975477235	2	9
25	3	DN	1	70.8686630491167	-0.382508292095736	266.314779824007	0.039433833735453	1	19
25	4	dDNa	1	76.9664793955162	-0.444284220784903	265.814291372904	0.0330086239625951	1	20
25	5	dDNb	1	80.9177927970886	-0.481449222564697	266.170672877258	0.0292838629983055	2	15
25	6	dDNc	1	76.2942479577905	-0.436879800481256	265.858386739026	0.0269175206894952	2	25
25	7	dDNd	1	80.0797198409215	-0.472375833662227	266.220800530314	0.0280763474202298	2	11
26	1	McFadden	10.1161348342896	NaN	NaN	118.172883031194	0.0616280467176217	2	12
26	2	Model2	9.28102469939768	NaN	NaN	118.151516346762	0.077100361263112	1	19
26	3	DN	1	-2.18761386871337	0.190086841583252	110.167001992673	0.0462771074114227	2	11
26	4	dDNa	1	-1.93950233161449	0.183055936545134	112.411320205812	0.0739103918171763	2	11
26	5	dDNb	1	-2.7748293429613	0.193729109317064	110.886876806297	0.0520506431108132	2	11
26	6	dDNc	1	-0.874829101562497	0.164599609375	112.461987952648	0.045269475196872	2	11
26	7	dDNd	1	-2.55023931699252	0.188948260524194	110.913655911142	0.0475096791872922	2	18
27	1	McFadden	41.4163803100586	NaN	NaN	345.2083942499	0.032522446726694	2	16
27	2	Model2	40.9176330566406	NaN	NaN	345.087288214093	0.0368171397992035	2	16
27	3	DN	1	145.662078857422	-1.25657043457031	341.084772862828	0.0304558871090453	2	13
27	4	dDNa	1	60.7550152586395	-0.255352484600007	345.031733956722	0.0350168567877227	2	15
27	5	dDNb	1	97.5276313585622	-0.702368891896913	343.287870383112	0.0344430559389568	2	22
27	6	dDNc	1	48.5485882759094	-0.101904487609863	345.092508345232	0.0445769794376021	2	11
27	7	dDNd	1	95.3805238965782	-0.683374635755172	343.262867877613	0.03564617792717	1	25
28	1	McFadden	4.31754052191973	NaN	NaN	171.368022698487	0.0322072430752246	2	15
28	2	Model2	3.49127807617188	NaN	NaN	169.811000201939	0.0285075270156176	2	9
28	3	DN	1	2.74887675197824	0.0775924490750185	171.159284314419	0.0295928711492667	2	20
28	4	dDNa	1	3.28215228877962	0.0104151543229818	169.77742174823	0.0244312700282379	2	21
28	5	dDNb	1	4.40328254103661	-0.048282265663147	169.83656517457	0.0292683041554662	2	11
28	6	dDNc	1	2.78415527343751	0.038134765625	169.711320800845	0.0345891004988388	2	11
28	7	dDNd	1	3.45119067076521	0.00256875764935099	169.806211528095	0.0294012576620827	2	20
29	1	McFadden	63.9564368247986	NaN	NaN	349.919848183327	0.0335200523431893	1	23
29	2	Model2	62.897868347168	NaN	NaN	349.848583311569	0.036421584322255	2	15
29	3	DN	1	-73.3992494373582	1.20573498602025	339.039336385681	0.0367288064625663	2	29
29	4	dDNa	1	-126.387057876587	1.65225214958191	336.387155931466	0.0369703761651888	2	14
29	5	dDNb	1	-117.01092368732	1.54716067277745	333.400756176819	0.0379548528130305	1	21
29	6	dDNc	1	-129.434359201905	1.68341910732561	336.511407460596	0.0309010432754217	1	22
29	7	dDNd	1	-118.68280191794	1.57502610776573	333.556333771993	0.0378559923584432	2	15
30	1	McFadden	42.356985282898	NaN	NaN	218.049388324773	0.0373178744289956	2	12
30	2	Model2	41.2997802734375	NaN	NaN	216.981142687094	0.0321664392060553	2	13
30	3	DN	1	106.524838727713	-0.545644533634186	205.819610796478	0.0284618424683842	2	16
30	4	dDNa	1	99.7910529092956	-0.501932698617381	208.418823817191	0.0297868244919992	1	18
30	5	dDNb	1	102.479672684318	-0.517587225978787	207.286089528941	0.0256105446095194	2	22
30	6	dDNc	1	102.724841438822	-0.519974595634267	208.447070229355	0.0237465520969072	2	16
30	7	dDNd	1	99.7991470336914	-0.50130615234375	207.354116621115	0.0306791211070642	2	14
31	1	McFadden	775.705487060547	NaN	NaN	368.91588182672	0.0248595011117455	2	11
31	2	Model2	733.419116664428	NaN	NaN	368.859359566034	0.0308683934038884	2	17
31	3	DN	1	597.947410813555	1.99999999999997	368.885926912633	0.0352935732606941	1	18
31	4	dDNa	1	679.916309016943	1.50326760336757	368.897806972451	0.0343923419976259	2	16
31	5	dDNb	1	756.854483270427	-1.19188716377389	368.932424891212	0.0294821195380438	2	20
31	6	dDNc	1	463.677892944217	1.96656786426902	368.834059006478	0.0293634096377885	1	22
31	7	dDNd	1	730.363575837389	0.00678881183266639	368.852393035518	0.0280957804422023	2	17
32	1	McFadden	8.54431916192844	NaN	NaN	315.763405587092	0.0343153553930605	2	18
32	2	Model2	7.48426513671875	NaN	NaN	312.462812153359	0.0334801635713543	2	14
32	3	DN	1	-0.69657914638519	0.66145886182785	297.854621110539	0.0292142251200228	2	11
32	4	dDNa	1	-1.38297003358602	0.652241940051317	292.93536761851	0.0321647167436619	1	22
32	5	dDNb	1	-0.188769531249996	0.580908203125	297.056225195975	0.0280093863372684	2	11
32	6	dDNc	1	-1.57057170178741	0.67320760297589	292.934067743103	0.033414887765501	2	21
32	7	dDNd	1	0.0236710729150289	0.566534301015054	297.071734374318	0.0319238476945489	1	34
33	1	McFadden	-25.8028517216444	NaN	NaN	372.359305252083	0.0368705218999488	2	16
33	2	Model2	-3.92236650623381	NaN	NaN	372.029491455001	0.0327131868477075	2	17
33	3	DN	1	-1.82347383499145	0.129303741455078	371.790848364399	0.0377714646695403	2	20
33	4	dDNa	1	-3.25471221439361	0.957395129802433	371.997523150979	0.0320484794423042	1	20
33	5	dDNb	1	167.951279036932	0.418108547657448	372.401733036901	0.0295034196167139	2	19
33	6	dDNc	1	-11.6886931842368	0.47849446113687	372.327782928278	0.0348981977405292	2	19
33	7	dDNd	1	-1.82652988433837	0.60286865234375	371.846609812176	0.0413525299371058	2	18
34	1	McFadden	4.61068902240605	NaN	NaN	169.678991377905	0.0313365990033644	1	17
34	2	Model2	4.03532097637654	NaN	NaN	167.411759086301	0.0379521571227665	2	16
34	3	DN	1	3.53934932835401	0.0630483888555318	168.401351916838	0.0272244154300391	1	21
34	4	dDNa	1	-0.766297681172723	0.243991307410761	156.277278833378	0.0273660132227165	2	33
34	5	dDNb	1	-0.706805656042391	0.217010428627731	158.697101642515	0.0265949975478482	1	26
34	6	dDNc	1	-0.799665622971943	0.248341017623898	158.910644369393	0.0242394138409401	2	22
34	7	dDNd	1	-0.592672182992096	0.212688828492537	158.858956311262	0.0232261091069045	2	11
35	1	McFadden	4.76320581436158	NaN	NaN	162.48574632842	0.0345089196602233	2	9
35	2	Model2	4.59159688949585	NaN	NaN	164.48266586012	0.044509769853585	2	14
35	3	DN	1	5.25325508117676	-0.0355037689208985	162.608416466972	0.0420132066063169	2	17
35	4	dDNa	1	6.37991129141302	-0.119496149942279	164.30969956992	0.0374919625917797	2	26
35	5	dDNb	1	5.06519050598145	-0.0316178321838379	164.435881406458	0.046895179591645	1	24
35	6	dDNc	1	5.85036010742188	-0.0840789794921875	164.329899864508	0.0389848482262614	2	11
35	7	dDNd	1	5.10186309814453	-0.0243339538574219	164.513612146384	0.0307877884232683	2	11
36	1	McFadden	3.38986425399781	NaN	NaN	186.987923949823	0.0504508749698565	2	9
36	2	Model2	3.46280025094748	NaN	NaN	193.291246109832	0.0426031887109424	1	17
36	3	DN	1	-0.832789879443581	0.43081401308591	166.157356579451	0.0500632198366076	1	30
36	4	dDNa	1	-0.0830302238464284	0.337468636035919	177.372569525739	0.0371861064615305	1	26
36	5	dDNb	1	0.0255293175578188	0.300082845240831	179.981192731542	0.0293230541789638	1	23
36	6	dDNc	1	0.0809644043911319	0.324481910362374	177.456915001742	0.0330674088368223	1	30
36	7	dDNd	1	0.0397614406072577	0.300032417292823	179.254356247047	0.0379553477607731	1	34
37	1	McFadden	56.4171630859375	NaN	NaN	382.430944213774	0.0277725339292797	2	13
37	2	Model2	52.9606506120414	NaN	NaN	382.560876790103	0.0328168151879248	2	16
37	3	DN	1	127.839575195312	-2	379.614998456898	0.030724482444776	2	14
37	4	dDNa	1	137.133683893085	-2	381.7374120767	0.0341603362171531	2	14
37	5	dDNb	1	132.509148172356	-2	379.810328641062	0.0336200143289044	1	29
37	6	dDNc	1	134.166664022207	-1.95150460600853	381.818194099757	0.0265507107771778	2	13
37	7	dDNd	1	132.181399845415	-2	379.799817567422	0.026556259375319	1	21
38	1	McFadden	8.54991738168901	NaN	NaN	269.341163838658	0.0280669404967378	2	16
38	2	Model2	7.77809620052577	NaN	NaN	272.901453139712	0.0302074909234475	2	11
38	3	DN	1	1.80240970551968	0.317046543955803	268.264145972194	0.0273120870227818	2	11
38	4	dDNa	1	8.14767977551529	-0.0103079674567198	272.623544641738	0.0342626759028049	2	16
38	5	dDNb	1	3.13670547746309	0.232194362823473	271.645373089056	0.0323656750138806	2	22
38	6	dDNc	1	8.72948329746724	-0.0433259136974812	272.865197464516	0.0323181403129548	2	11
38	7	dDNd	1	1.32157707214356	0.333955955505371	271.80154522577	0.0267363141008652	2	11
39	1	McFadden	28.7935048776794	NaN	NaN	269.25108503548	0.0293480959977079	2	17
39	2	Model2	28.2897197961807	NaN	NaN	269.260564791946	0.0409741307250566	2	12
39	3	DN	1	15.2338046373028	0.138600261961255	268.337921393521	0.0269133827472667	1	19
39	4	dDNa	1	18.0232155723097	0.108072560543405	268.627033997764	0.0306972237249271	1	23
39	5	dDNb	1	14.9159763233385	0.141376702029584	268.622036674704	0.0290538216494189	2	16
39	6	dDNc	1	15.250908946991	0.134027814865112	268.668932803175	0.0274683526507408	2	11
39	7	dDNd	1	13.2495727539063	0.162079191207886	268.590671006588	0.034676450859292	2	11
40	1	McFadden	14.7594698066807	NaN	NaN	177.212104751397	0.0673982488622341	1	17
40	2	Model2	14.1598052978516	NaN	NaN	178.296672217237	0.0724845694607419	1	20
40	3	DN	1	-0.660061859730916	0.331064449645783	160.425187599358	0.0274797311997442	2	21
40	4	dDNa	1	-1.40145692825317	0.336173295974731	156.840783120732	0.0355798246651521	1	19
40	5	dDNb	1	-1.62472012630314	0.334337131856591	159.596214914794	0.0417215355330492	2	17
40	6	dDNc	1	-1.81081473827361	0.354154181480408	156.893898882233	0.030165784520483	2	11
40	7	dDNd	1	-1.9536284789443	0.336576415598392	159.614161237166	0.0431927210150999	2	11
41	1	McFadden	60.1990508196262	NaN	NaN	350.348192414384	0.0352524739831875	1	18
41	2	Model2	58.0611734892292	NaN	NaN	350.159056096708	0.0234348519210951	2	17
41	3	DN	1	-84.5394927978516	1.61813354492188	347.973853563333	0.0413100547048296	2	14
41	4	dDNa	1	-28.9934921264648	0.945103454589844	348.802335569048	0.030726137986639	2	16
41	5	dDNb	1	-48.1069392813078	1.16579246739857	348.48883584209	0.0331234212974878	2	11
41	6	dDNc	1	-26.925753711164	0.918690894544125	348.84512576381	0.0274312875152457	2	11
41	7	dDNd	1	-51.4284675598145	1.21002340316772	348.450550491711	0.0300638671975394	2	25
42	1	McFadden	3.7113136291504	NaN	NaN	249.015056484104	0.0273803381336138	2	13
42	2	Model2	3.10894279479981	NaN	NaN	249.916337968196	0.0483875452176733	2	9
42	3	DN	1	1.97096405029298	0.138649749755859	248.817952841683	0.0327739720258982	2	21
42	4	dDNa	1	2.23505373001099	0.0787536025047302	249.755812989054	0.037168818048083	2	24
42	5	dDNb	1	3.13375776857139	-0.00979710370302206	249.940013216957	0.0350229888184791	2	19
42	6	dDNc	1	2.18184892630234	0.0830396206976729	249.687911150016	0.0409388074198484	1	24
42	7	dDNd	1	3.30625338852406	-0.0225730918347836	249.91307168342	0.0323776422621487	2	11
43	1	McFadden	7.77764587402344	NaN	NaN	262.167952520006	0.035720157147653	2	9
43	2	Model2	7.5745361328125	NaN	NaN	263.048802776091	0.0284850627379528	2	12
43	3	DN	1	17.1622488945723	-0.384651717543602	259.972658948635	0.0390585156863073	2	11
43	4	dDNa	1	21.6675899744034	-0.635321736335755	257.704484112963	0.0323858038247805	2	11
43	5	dDNb	1	22.8318630216891	-0.672166782288277	259.120609212231	0.0316307332134673	1	20
43	6	dDNc	1	21.5601492702961	-0.636093032360077	257.779711402127	0.0325440079975857	2	11
43	7	dDNd	1	22.1151921574958	-0.640168550261296	259.204141790339	0.0336794048441679	2	25
44	1	McFadden	34.5234375	NaN	NaN	215.085213627593	0.0470338960531658	2	9
44	2	Model2	34.4211303710938	NaN	NaN	219.815521664431	0.0426239814478784	2	13
44	3	DN	1	48.1637317538261	-0.0979036502540112	214.739911776284	0.0597571518747866	2	11
44	4	dDNa	1	35.5449366867542	-0.00898782908916479	219.87894256146	0.0452201159884212	2	11
44	5	dDNb	1	49.8571508841575	-0.107629775587702	219.623789636859	0.052530261939777	1	25
44	6	dDNc	1	29.2202692515275	0.0346626425802242	219.85492240023	0.045833264089074	1	23
44	7	dDNd	1	51.1326027017087	-0.118706283159554	219.537551926249	0.0573945054666729	2	11
45	1	McFadden	22.8303344726563	NaN	NaN	326.603013277647	0.0358261742932082	2	15
45	2	Model2	22.2383071899414	NaN	NaN	326.491710228514	0.0372195565011019	2	9
45	3	DN	1	-27.9373738270036	1.13745809296233	309.532387610884	0.0419359015789191	1	19
45	4	dDNa	1	-20.5307273140643	0.94057847133372	309.243139755451	0.0309077035935907	2	26
45	5	dDNb	1	-20.1335819244385	0.931476974487305	311.95689181446	0.0349242873727246	2	11
45	6	dDNc	1	-20.0676113215566	0.932415026653325	309.322069274289	0.0328916834740936	1	23
45	7	dDNd	1	-19.7904581069946	0.92652575969696	311.990727383819	0.0279522184640323	2	11
46	1	McFadden	6.10486613851972	NaN	NaN	362.650633025268	0.0276682634087453	2	15
46	2	Model2	4.04536553472281	NaN	NaN	356.417666865694	0.0283140919321005	2	20
46	3	DN	1	-4.02321815490722	1.53242263793945	345.420990497339	0.0327046401639896	2	15
46	4	dDNa	1	-0.690049779415126	0.687991678714752	341.996873201035	0.0287885161382211	2	29
46	5	dDNb	1	0.0120156434553849	0.645659262569825	344.11529084348	0.0319289838553191	1	29
46	6	dDNc	1	0.0348669603672107	0.573647049010134	344.041290947232	0.0378916686714851	1	24
46	7	dDNd	1	0.00756988525391478	0.647713470458984	344.161510211592	0.0385002045952861	2	16
47	1	McFadden	37.2535826921463	NaN	NaN	369.201388971268	0.0330410417704879	2	17
47	2	Model2	33.9455768838991	NaN	NaN	368.63220757798	0.0330359263721586	2	15
47	3	DN	1	-35.095267470926	1.64835582114756	347.721849272588	0.0278666042188591	2	22
47	4	dDNa	1	-22.7281896702949	1.24562218210344	345.442401734051	0.0288331246356498	2	21
47	5	dDNb	1	-20.0329938232899	1.21653925748542	353.742570315582	0.0282761386261665	2	16
47	6	dDNc	1	-21.5669631004333	1.21828053891659	345.843960869288	0.0344455566024064	2	20
47	7	dDNd	1	-19.1467777132988	1.1968989007175	353.755846465445	0.0287530132372907	2	19
48	1	McFadden	1.82126464843751	NaN	NaN	265.746342674513	0.044905425823258	2	11
48	2	Model2	1.9141388119635	NaN	NaN	265.732707133563	0.0294350381713237	2	17
48	3	DN	1	5.37882304547821	-0.685596843028907	265.687655221138	0.0300842074755379	2	21
48	4	dDNa	1	2.30459721833468	-0.0758014462888241	265.716595371843	0.0315456369398502	1	25
48	5	dDNb	1	8.94263539314271	-1.39976947307587	265.701985094201	0.0343894569263249	2	13
48	6	dDNc	1	5.9169753715396	-0.800986789911986	265.743594350832	0.0380843826928749	2	22
48	7	dDNd	1	1.02988891601563	0.17545166015625	265.698072933921	0.0400855071418007	2	15
49	1	McFadden	27.0636680603027	NaN	NaN	346.453861207422	0.0319068756428876	2	15
49	2	Model2	27.1177630722523	NaN	NaN	345.534727868446	0.0322907105560256	2	9
49	3	DN	1	-12.4094263829291	1.46418729312718	307.452233341423	0.0329859866728718	2	25
49	4	dDNa	1	-12.9277466773987	1.35146055221558	310.731701816136	0.0285970481836136	2	20
49	5	dDNb	1	-10.773796081543	1.29114074707031	317.501310699278	0.0374043134653811	2	14
49	6	dDNc	1	-6.78039643596857	1.11964911706746	315.428899550731	0.0315987657655373	2	18
49	7	dDNd	1	0.029478535894313	0.87017171503976	321.322325130204	0.0389743404427951	2	29
50	1	McFadden	1.50832519531251	NaN	NaN	223.506040712356	0.0384140583560077	2	11
50	2	Model2	1.39812928749889	NaN	NaN	224.252822337843	0.0405248356228921	1	19
50	3	DN	1	0.68568078875542	0.106285086274147	222.555830244122	0.0352952008874379	2	11
50	4	dDNa	1	-2.17284067655491	0.43041856198015	207.022665842536	0.0274190785886381	1	23
50	5	dDNb	1	0.453282928466805	0.125750923156738	223.05875864451	0.0340329101158372	2	16
50	6	dDNc	1	-2.1537886917591	0.427346506714821	207.236528659515	0.0406692497131206	1	19
50	7	dDNd	1	0.439178085327157	0.125385427474976	223.069125469565	0.0351284525230888	2	11
51	1	McFadden	6.35130647324259	NaN	NaN	253.878570605315	0.0350295421411963	2	14
51	2	Model2	5.07102050781251	NaN	NaN	254.676435034515	0.0394621366123775	2	9
51	3	DN	1	0.120211750268943	0.578815740346909	198.511143430095	0.0333617761931929	2	19
51	4	dDNa	1	-0.0881884779315385	0.532251789979637	200.812782721675	0.0346920179200429	2	27
51	5	dDNb	1	0.196386718750006	0.500987815856934	212.730388815233	0.0290921787765078	2	17
51	6	dDNc	1	-0.116928863525388	0.556207370758057	184.643804577044	0.0337590042525013	2	15
51	7	dDNd	1	0.17013334482909	0.497597994655371	222.294063101954	0.0325416382691472	2	20
52	1	McFadden	20.4999403700233	NaN	NaN	347.003051140423	0.0397258549115062	2	9
52	2	Model2	20.560583114624	NaN	NaN	347.973055359189	0.0344083239609735	2	10
52	3	DN	1	30.2257858276367	-0.211911010742188	346.930197670967	0.033554113994791	2	19
52	4	dDNa	1	67.0976324081421	-1.13725595474243	342.769820570217	0.0329561540037725	2	14
52	5	dDNb	1	71.6945572629571	-1.22127801403403	343.532147262737	0.0269883690812055	2	18
52	6	dDNc	1	12.7646064705797	0.177435011569469	347.892759087779	0.0254551595311538	1	20
52	7	dDNd	1	72.9897266185784	-1.24192733305972	343.538836413549	0.036123385246948	1	22
53	1	McFadden	2.20341186523438	NaN	NaN	160.025815790947	0.0531859852723867	2	11
53	2	Model2	1.16529541015625	NaN	NaN	146.349308212726	0.0335122111609847	2	11
53	3	DN	1	-0.0268077661395125	0.368282803013153	130.498427271352	0.0434242791530887	1	24
53	4	dDNa	1	-0.246243736706667	0.270862081227824	131.145937914725	0.0292266718726106	1	25
53	5	dDNb	1	0.0822432756423979	0.218919777870178	136.116257880986	0.0291705942762017	2	21
53	6	dDNc	1	-0.257036972045896	0.27214412689209	128.861580629272	0.0309469112904606	2	17
53	7	dDNd	1	0.0163185302881246	0.242719110914186	136.193172704015	0.0303535777369555	1	37
54	1	McFadden	495.335575443706	NaN	NaN	358.632430995231	0.0266925575474916	2	21
54	2	Model2	471.584978409606	NaN	NaN	358.623597279011	0.0353437078343345	2	18
54	3	DN	1	325.428119792964	1.77946710821052	358.563783248894	0.0399642053601805	1	22
54	4	dDNa	1	313.13583984375	1.99970703125	358.579718419408	0.0311463208784132	2	12
54	5	dDNb	1	359.539123249426	1.21984807755798	358.59948040691	0.0351894232543541	1	20
54	6	dDNc	1	247.062922371924	1.99999999627471	358.563263144	0.0316297649981023	2	16
54	7	dDNd	1	318.347532367706	1.52831039428711	358.567656309599	0.0309215555733941	2	17
55	1	McFadden	3.92622333199252	NaN	NaN	225.836586923897	0.0342088963611082	2	25
55	2	Model2	1.28415222167969	NaN	NaN	231.694351549671	0.025596619296742	2	12
55	3	DN	1	3.75607299804688	0.00903930664062497	225.811783325112	0.0407320785800147	2	11
55	4	dDNa	1	-0.215840899539984	0.250229469526209	230.029484850711	0.0269516679016101	2	23
55	5	dDNb	1	1.40206871032716	-0.0325130462646485	231.371960017537	0.0345253766050462	2	11
55	6	dDNc	1	0.288926243782051	0.187392520904541	230.515245616065	0.0270637678089916	2	15
55	7	dDNd	1	1.39957685470581	-0.0303089424967766	231.551214817044	0.0263735501790125	2	22
56	1	McFadden	0.507069396972661	NaN	NaN	183.435636757521	0.038302982843677	2	13
56	2	Model2	0.0311866819858579	NaN	NaN	237.896396075889	0.0220423311219249	2	18
56	3	DN	1	0.188836658243972	0.201494689787069	178.579800843244	0.0318996410580644	2	26
56	4	dDNa	1	-0.00528751490637092	0.0649356602691114	227.773273176836	0.0226909790748637	1	19
56	5	dDNb	1	0.043114089965826	0.0305177688598632	227.698600151122	0.0232332273341197	2	21
56	6	dDNc	1	-0.0243665650486875	0.0668046086560934	203.044260194738	0.0420911265724183	2	14
56	7	dDNd	1	0.0128356933593778	0.00234222412109369	237.885297513839	0.0242437696355735	1	30
57	1	McFadden	512.371807154402	NaN	NaN	383.815119266459	0.0289502021601546	1	22
57	2	Model2	517.161079406738	NaN	NaN	383.754098421992	0.0314426597385205	2	12
57	3	DN	1	416.783022880554	1.81130185127258	383.85092122021	0.0325320003483313	2	13
57	4	dDNa	1	442.241030941158	0.693771173385903	383.757510236026	0.0311043139910331	2	17
57	5	dDNb	1	467.283322074637	1.74844209495932	383.715330380477	0.0325293034239563	2	14
57	6	dDNc	1	538.455724553764	1.99947339147329	383.806124497629	0.0342975002737711	2	15
57	7	dDNd	1	661.937182825804	1.99999999627471	383.812313860356	0.0341622838462833	2	16
58	1	McFadden	3.04115726947785	NaN	NaN	288.647121990321	0.033852687218333	2	9
58	2	Model2	1.95892791748047	NaN	NaN	290.195880987668	0.02744361151959	2	13
58	3	DN	1	1.98109864639119	0.0849658960476518	288.664328133565	0.0310963591314193	1	22
58	4	dDNa	1	-0.812177683490333	0.294563374958852	286.141529533192	0.0275641074561222	1	28
58	5	dDNb	1	1.9579249676317	-0.00535426717251541	290.268379427029	0.0288316638869677	2	15
58	6	dDNc	1	0.0631437018513736	0.222462279442698	286.847946066617	0.0265476615490397	1	23
58	7	dDNd	1	1.54555096179247	0.0201290652155876	290.19621347838	0.0355769406778523	2	11
59	1	McFadden	4.25256347656251	NaN	NaN	201.669015976764	0.116492625289429	2	11
59	2	Model2	4.40000610351563	NaN	NaN	202.796756322569	0.116665606583937	2	12
59	3	DN	1	-3.41924877166748	0.392076194286346	181.655320867738	0.026321527146931	2	17
59	4	dDNa	1	-3.78757324218749	0.408599853515625	182.985799046774	0.034968367081342	2	13
59	5	dDNb	1	-4.1170627452433	0.427755062095821	183.097190956616	0.0292523645201377	2	29
59	6	dDNc	1	-2.3191650390625	0.351882934570312	184.023254537811	0.0284062466722111	2	12
59	7	dDNd	1	-2.55710980392276	0.361381893409947	183.870539848653	0.0270029647274984	1	28
60	1	McFadden	1.44513549804688	NaN	NaN	154.571429616602	0.0332925689229644	2	11
60	2	Model2	1.30159705118422	NaN	NaN	157.954429953412	0.0261646276444877	2	15
60	3	DN	1	1.75807495117188	-0.040909767150879	154.725995188785	0.0304933140904581	2	11
60	4	dDNa	1	-0.348248291015622	0.205816507339478	156.398787393271	0.0271270936071937	2	22
60	5	dDNb	1	0.33552365005017	0.121779073029757	157.568125745631	0.0316325125064988	2	11
60	6	dDNc	1	-0.344627267115818	0.203591204755776	156.411054421346	0.0221272524676399	1	22
60	7	dDNd	1	0.239353597164161	0.135266807675362	157.542270509013	0.0293257349234486	2	11
