subID	modeli	name	eta	Mp	wp	nll	nllsd	success	iterations
1	1	McFadden	2.91635585427285	NaN	NaN	250.238330845619	0.0445271753699832	2	16
1	2	Model2	2.52664785385132	NaN	NaN	248.835798915345	0.0882088456714762	2	14
1	3	DN	1	2.98384568672496	8.26254903940615e-08	250.23499593821	0.0441120740845545	1	22
1	4	dDNa	1	2.6397216796875	2.44140624999778e-05	248.866059392411	0.0573360644311733	1	25
1	5	dDNb	1	2.61240530014039	5.9604644553346e-09	248.845482990779	0.0582052000980705	1	18
1	6	dDNc	1	2.54788739681244	4.76837158092103e-08	248.850231264896	0.0804015365262239	2	27
1	7	dDNd	1	2.50431518554688	3.05175781245559e-06	248.80660904051	0.0698089993226937	2	14
2	1	McFadden	82.4562080383301	NaN	NaN	349.043647260972	0.0285268684364772	2	9
2	2	Model2	79.83585729599	NaN	NaN	348.341137959679	0.0282771771882683	2	9
2	3	DN	1	81.1549892425537	3.81469726529193e-07	349.015139027728	0.0274508511194382	2	15
2	4	dDNa	1	80.3533228516579	5.9604644553346e-09	348.297108217289	0.0389201930685517	2	19
2	5	dDNb	1	79.899658203125	3.05175781245559e-06	348.300176644832	0.0343911579560963	2	15
2	6	dDNc	1	79.1488274265663	1.16415210804632e-11	348.344727567164	0.0292952086346669	2	16
2	7	dDNd	1	80.7335431411862	7.45058015283462e-10	348.341347788755	0.0363871600118516	2	14
3	1	McFadden	7.72654638000095	NaN	NaN	183.866312562976	0.0273440816449993	1	18
3	2	Model2	7.1216751664877	NaN	NaN	191.716176560848	0.0318968343407203	2	18
3	3	DN	1	2.6803608235161	0.179432041083783	180.311582042162	0.0377854539291497	1	19
3	4	dDNa	1	4.3894744873047	0.100516700744629	191.717766340109	0.0366654973499105	2	14
3	5	dDNb	1	2.86102299185131e-07	0.238292133808136	189.651152295137	0.0503310784985224	1	18
3	6	dDNc	1	5.38791378145543	0.0633879346358299	191.581293727249	0.0468028154167681	2	19
3	7	dDNd	1	0.00413153465075311	0.235223004027435	189.139692263697	0.0449516946592796	1	18
4	1	McFadden	10.0256287574768	NaN	NaN	124.858134710629	0.0297646420373374	2	16
4	2	Model2	9.24612166285515	NaN	NaN	124.928881155406	0.0328949857602174	2	17
4	3	DN	1	10.1275842295028	9.31322241548571e-11	124.84995773939	0.0228799815419083	1	19
4	4	dDNa	1	9.295703125	0.000195312499999989	124.915826734858	0.0299086443289436	2	13
4	5	dDNb	1	9.21780459603686	2.83106871279415e-15	124.926714531422	0.0253662754546621	2	23
4	6	dDNc	1	9.36190185546876	3.81469726529193e-07	124.922085958805	0.0236745602212802	2	15
4	7	dDNd	1	9.30773925781251	2.44140624999778e-05	124.902821692464	0.025976075147642	2	14
5	1	McFadden	6.38037309646607	NaN	NaN	152.11575121133	0.0700112710520771	1	20
5	2	Model2	5.39599609375001	NaN	NaN	155.270213350023	0.0966249122875347	2	13
5	3	DN	1	6.46711788177491	4.76837158092103e-08	152.314654318647	0.0849109642919749	2	11
5	4	dDNa	1	5.31776123046875	3.05175781245559e-06	154.859344480623	0.0945995648944045	2	15
5	5	dDNb	1	5.27939605712891	3.05175781245559e-06	154.771890675479	0.0968083849664524	2	19
5	6	dDNc	1	5.48532676696778	3.81469726529193e-07	155.407970937586	0.104879409645856	1	23
5	7	dDNd	1	5.69689941406251	2.44140624999778e-05	156.018667531027	0.0851916271415537	2	12
6	1	McFadden	34.6286206945777	NaN	NaN	248.36388868015	0.0251589916992377	2	13
6	2	Model2	34.0065773173585	NaN	NaN	248.144712956043	0.0368581853182577	2	22
6	3	DN	1	2.86102299185131e-07	0.287533268332481	239.104150594839	0.0289690269210151	2	11
6	4	dDNa	1	2.86102299185131e-07	0.273433354496956	237.692952117423	0.0324011288631064	2	16
6	5	dDNb	1	2.86102299185131e-07	0.27401407957077	238.56152061485	0.0344963247657703	2	15
6	6	dDNc	1	0.000799560546880684	0.272607421875	237.695342160545	0.0306123600942896	2	13
6	7	dDNd	1	1.0244549031313e-07	0.280829752609134	238.551281527665	0.0337872310096142	2	11
7	1	McFadden	56.3893295288086	NaN	NaN	286.026902634958	0.0333726567021568	2	16
7	2	Model2	54.4009562008083	NaN	NaN	286.522197552769	0.0294997579581589	2	11
7	3	DN	1	55.4860809540958	1.16415210804632e-11	286.012616387575	0.0377769297493854	2	15
7	4	dDNa	1	54.3757881267287	8.54492303914989e-05	286.510054561015	0.035561028321403	2	16
7	5	dDNb	1	55.8851990156042	2.27040608535845e-14	286.456228511962	0.0341464369970224	2	20
7	6	dDNc	1	54.8316364977974	1.93878076926168e-07	286.511078464885	0.0308001644369182	2	11
7	7	dDNd	1	55.3796578407288	4.76837158092103e-08	286.482704507764	0.0415280560240085	2	17
8	1	McFadden	16.4793937683106	NaN	NaN	168.520702807593	1.24270135452569	1	21
8	2	Model2	16.42109375	NaN	NaN	167.736573421339	0.0940905052131806	1	32
8	3	DN	1	15.1871197938919	0.0194646954536438	168.411308172593	0.110125408049322	2	11
8	4	dDNa	1	16.6285844508413	7.86255768614463e-06	168.981510293705	0.906291332154541	1	24
8	5	dDNb	1	2.86102299185131e-07	0.166861009597778	168.607957906409	0.100201993161414	2	17
8	6	dDNc	1	9.69440002441407	0.0623703002929688	168.859161871501	1.50370503275384	2	14
8	7	dDNd	1	16.8066261291504	3.81469726529193e-07	168.625305260545	0.101748052107044	2	17
9	1	McFadden	8.32077636718751	NaN	NaN	190.3906959007	0.0752075407168185	2	14
9	2	Model2	7.46419365108014	NaN	NaN	187.991479277723	0.0877557367045124	1	20
9	3	DN	1	8.28920502662659	4.76837158092103e-08	190.473166265847	0.106177248982997	2	17
9	4	dDNa	1	6.59960937500001	0.0219474792480469	188.784834482598	0.104401746162921	2	14
9	5	dDNb	1	9.2370555648813e-14	0.158977485529638	187.01593047308	0.131049228356706	1	28
9	6	dDNc	1	7.67138498127461	7.45058015283462e-10	188.661575477189	0.141460217376182	2	21
9	7	dDNd	1	0.0489565345458729	0.157312357984483	187.086114781213	0.140498712159161	2	21
10	1	McFadden	27.0553667724133	NaN	NaN	352.623291301814	0.0402658521879702	2	14
10	2	Model2	28.284515696764	NaN	NaN	353.754514648298	0.0341446390391877	2	12
10	3	DN	1	27.9238754272461	3.05175781245559e-06	352.731953513956	0.0356833586659938	2	13
10	4	dDNa	1	0.416633844375617	0.704371893405914	353.104985586909	0.0377236039601707	2	22
10	5	dDNb	1	27.3968408466317	4.51971311121735e-05	353.997583989187	0.0294148987749904	2	11
10	6	dDNc	1	0.000799560546880684	0.723800659179688	352.758796539554	0.0297742877290374	2	13
10	7	dDNd	1	27.8643617593476	1.81854531433601e-13	353.730369694619	0.0406671735563477	1	23
11	1	McFadden	487.559446672909	NaN	NaN	395.468347211568	0.0301896583956485	2	12
11	2	Model2	442.377287215367	NaN	NaN	395.481707137631	0.0335999683741869	2	13
11	3	DN	1	1.06170858771293e-08	1.3547890469199	369.897368361786	0.0307748175875782	2	15
11	4	dDNa	1	4.70969773260776e-05	1.29342043891584	364.602789683045	0.0376931248889389	2	16
11	5	dDNb	1	2.86102299185131e-07	1.47697612419724	374.198799676158	0.0328086774289477	2	18
11	6	dDNc	1	2.00817140694198e-09	1.46267964444414	353.987440801707	0.0309828642160825	2	29
11	7	dDNd	1	4.73022461022765e-05	1.54142684936523	368.338488252537	0.0379495019703988	2	15
12	1	McFadden	107.547100457549	NaN	NaN	375.137505175108	0.0337206596895664	2	17
12	2	Model2	106.677420806885	NaN	NaN	374.870420095153	0.0383527105414219	2	13
12	3	DN	1	4.73022461022765e-05	0.714522743225098	368.280854882153	0.0324952451627928	1	21
12	4	dDNa	1	2.00817140694198e-09	0.712944547063671	368.974706279271	0.0360358675239193	2	16
12	5	dDNb	1	4.73022461022765e-05	0.719234466552734	367.915152580213	0.0291253906935766	1	20
12	6	dDNc	1	9.2370555648813e-14	0.710127987778498	369.011079247684	0.0390241384767904	1	22
12	7	dDNd	1	1.06170858771293e-08	0.708159306878224	367.918179463081	0.0384045505311628	2	18
13	1	McFadden	178.888875793945	NaN	NaN	351.365234858272	0.0311281983645072	1	19
13	2	Model2	182.251922607422	NaN	NaN	351.342962352381	0.0341078952383737	2	12
13	3	DN	1	144.51070615364	0.281678773667227	351.507926966281	0.0289978665759578	1	19
13	4	dDNa	1	178.407022694452	1.16415210804632e-11	351.369273661342	0.0261520606706403	2	20
13	5	dDNb	1	190.661172786355	0.000226109474897374	351.430070568084	0.0360549474276726	2	12
13	6	dDNc	1	186.913013218694	2.83106871279415e-15	351.462657535743	0.0316285956986486	1	21
13	7	dDNd	1	168.250641707331	0.103376439772546	351.437686947251	0.0207437477371472	2	22
14	1	McFadden	10.2834432512522	NaN	NaN	168.285456011996	0.0348849420272818	2	18
14	2	Model2	9.58460557460786	NaN	NaN	168.783526137455	0.0453279513250575	2	13
14	3	DN	1	10.4835865676403	5.9604644553346e-09	168.358439730576	0.0354063223327983	2	18
14	4	dDNa	1	9.66988110542298	4.76837158092103e-08	168.757662077668	0.0374496151915588	2	17
14	5	dDNb	1	9.52519626915456	7.45058015283462e-10	168.805277749561	0.0451383402719609	1	19
14	6	dDNc	1	9.49730834960938	3.05175781245559e-06	168.785526589271	0.0467115799561495	2	13
14	7	dDNd	1	9.59117259122432	9.31322241548571e-11	168.778809703815	0.0487800669884871	2	22
15	1	McFadden	19.9975181438029	NaN	NaN	327.851858505727	0.032366403859563	2	17
15	2	Model2	19.5172512363595	NaN	NaN	327.678741067932	0.0307772141887165	2	15
15	3	DN	1	9.2370555648813e-14	0.49320929537533	321.758616469599	0.0356499697741339	1	23
15	4	dDNa	1	2.86102299185131e-07	0.468804585933685	320.322441866754	0.0291051124982298	2	11
15	5	dDNb	1	2.86102299185131e-07	0.487540474534035	321.976663488546	0.0286819919514258	1	19
15	6	dDNc	1	2.86102299185131e-07	0.470224396884441	320.246064226235	0.0272514054977748	2	21
15	7	dDNd	1	2.86102299185131e-07	0.480807781219482	321.920284729134	0.0222320440160085	2	15
16	1	McFadden	14.0834158182144	NaN	NaN	333.448213789974	0.0356121682183355	1	26
16	2	Model2	13.6954885542393	NaN	NaN	334.067447878945	0.0312336872732011	2	15
16	3	DN	1	14.1003496190533	4.58396971214636e-07	333.453115005895	0.030723825602371	2	17
16	4	dDNa	1	13.8672238349915	4.76837158092103e-08	334.087766118053	0.0290460590782114	2	11
16	5	dDNb	1	13.5429534912109	4.76837158092103e-08	334.099102935395	0.0346004598231141	2	11
16	6	dDNc	1	13.4872863769531	3.05175781245559e-06	334.088619681083	0.0413609152733002	2	11
16	7	dDNd	1	13.6402569591533	1.16415210804632e-11	334.078374426214	0.040549770596975	2	18
17	1	McFadden	41.1856711741537	NaN	NaN	260.895947138555	0.0434225137389025	1	28
17	2	Model2	40.1777826545382	NaN	NaN	260.743775818124	0.0367710486826835	1	24
17	3	DN	1	4.73022461022765e-05	0.328719520568848	245.875036198685	0.0344123065709113	2	17
17	4	dDNa	1	4.73022461022765e-05	0.328794288635254	249.389632166173	0.0330316241955793	2	15
17	5	dDNb	1	1.0244549031313e-07	0.329603718407452	247.454632753643	0.0286647123629168	2	14
17	6	dDNc	1	4.73022461022765e-05	0.328168106079102	249.358630832524	0.0362405134366797	2	15
17	7	dDNd	1	2.86102299185131e-07	0.336190965771675	247.466414524951	0.0287768561839773	2	18
18	1	McFadden	45.9805665016174	NaN	NaN	243.673319991274	0.0387645486823832	2	12
18	2	Model2	44.9052749693394	NaN	NaN	244.675891609415	0.0370039911387327	2	18
18	3	DN	1	17.985791015625	0.23031005859375	242.444042854349	0.0349150782639092	2	12
18	4	dDNa	1	3.75725211410109	0.354293114089228	241.945643993858	0.0436026893316774	1	25
18	5	dDNb	1	17.2968282262423	0.23847594363793	243.423127223342	0.0427952999190505	1	20
18	6	dDNc	1	4.98310913443566	0.348474165797234	241.925563605805	0.0425418512367138	2	14
18	7	dDNd	1	16.1174911623937	0.2436401345185	243.338968847914	0.0343059006301666	2	17
19	1	McFadden	2.93040771242232	NaN	NaN	224.158120238565	0.0369294874348548	2	15
19	2	Model2	2.50450325012208	NaN	NaN	223.489922137101	0.0410498772598442	2	15
19	3	DN	1	2.96765928268433	4.76837158092103e-08	224.219634804963	0.0424329297153915	1	18
19	4	dDNa	1	2.42559510096908	7.45058015283462e-10	223.229558403325	0.0339505913687761	1	19
19	5	dDNb	1	2.45549101066964	1.73324828639521e-06	223.227406457375	0.0487896472254195	1	20
19	6	dDNc	1	2.48063303240405	6.69390480267928e-08	223.480035402291	0.0402708300443213	1	25
19	7	dDNd	1	2.44357032775879	3.81469726529193e-07	223.471977307039	0.0434684387591648	1	18
20	1	McFadden	89.2733138084412	NaN	NaN	368.585284707976	0.0346453771375474	2	9
20	2	Model2	84.786328125	NaN	NaN	368.215911640156	0.0441373618614338	2	11
20	3	DN	1	0.000799560546880684	0.760394287109375	362.142245046452	0.0284539153880605	2	15
20	4	dDNa	1	2.86102299185131e-07	0.740688812732696	362.495388848824	0.0289715535289383	2	18
20	5	dDNb	1	7.94536667001466e-05	0.746539364301134	361.856884049556	0.0278706044584939	2	18
20	6	dDNc	1	1.0244549031313e-07	0.749104230850935	362.488483064869	0.0320690618183768	2	14
20	7	dDNd	1	2.86102299185131e-07	0.738307332992554	361.878225569495	0.0405425263916865	2	15
21	1	McFadden	2.77776107788087	NaN	NaN	391.532055862589	0.0387397642504544	2	14
21	2	Model2	6.66580810546876	NaN	NaN	392.500786002253	0.0369700688480744	2	11
21	3	DN	1	0.400812911987309	0.0276044845581054	386.116286802771	0.0287484790629499	1	28
21	4	dDNa	1	0.353267836570744	2.8961896896329e-05	385.584263623687	0.0334753220555311	2	21
21	5	dDNb	1	0.352775818537346	1.43872020996749e-06	385.631617838939	0.0371583706106114	1	31
21	6	dDNc	1	0.622729110717778	3.81469726529193e-07	387.107780919727	0.0361774848651207	2	19
21	7	dDNd	1	0.361096268432455	0.286126831659931	386.348067238551	0.0332110269241043	1	22
22	1	McFadden	4.02033898830415	NaN	NaN	350.27337477432	0.0366881190187392	2	18
22	2	Model2	3.14255639910699	NaN	NaN	348.769113030491	0.0316014479620703	2	18
22	3	DN	1	1.05358455891256	0.615673141938169	348.309303097338	0.0316390134690261	1	21
22	4	dDNa	1	3.33668899536134	3.81469726529193e-07	348.193727448634	0.0328878010795346	1	24
22	5	dDNb	1	0.55690944790841	0.674546882510185	347.27022441019	0.0339183622258342	2	13
22	6	dDNc	1	3.15478156378677	1.13125248389911e-05	348.782012433023	0.0296858234857179	2	23
22	7	dDNd	1	1.96930526196957	0.28523648288101	348.351228921828	0.0275279518342636	1	31
23	1	McFadden	26.67587890625	NaN	NaN	213.228099409817	0.0278053298199628	2	13
23	2	Model2	26.5426821708679	NaN	NaN	215.057995391011	0.0335705864091464	2	14
23	3	DN	1	26.348565736413	7.45058015283462e-10	213.265348327693	0.0326469896096345	2	11
23	4	dDNa	1	26.4408519527875	1.16415210804632e-11	215.092477260407	0.0363542082576675	1	25
23	5	dDNb	1	26.4781290054321	4.76837158092103e-08	215.089549777239	0.0347844032418558	2	11
23	6	dDNc	1	26.5777562141418	5.9604644553346e-09	215.074263689974	0.0358388005614325	2	11
23	7	dDNd	1	26.1650014877319	4.76837158092103e-08	215.077360222443	0.0328850723381881	2	20
24	1	McFadden	47.4452862251692	NaN	NaN	359.539281138979	0.03248187044627	1	21
24	2	Model2	2.58338164687157	NaN	NaN	253.129891575931	0.0995251150845177	1	22
24	3	DN	1	2.86102299185131e-07	0.943278896808624	321.708389269861	0.0321417134045174	2	16
24	4	dDNa	1	1.06170858771293e-08	0.367777340998873	247.643378554198	0.033273147216412	1	26
24	5	dDNb	1	5.7335114433954e-10	0.0475384520119405	245.201856268372	0.0400642315389308	2	26
24	6	dDNc	1	2.00817140694198e-09	0.418038952583447	249.098308403507	0.0353398673591711	2	20
24	7	dDNd	1	1.06170858771293e-08	0.0584229384548962	244.124950254472	0.038261627790266	2	29
25	1	McFadden	32.019921875	NaN	NaN	268.498553505562	0.0314964591844515	2	13
25	2	Model2	31.8083978969604	NaN	NaN	268.878461882528	0.0299911944491457	2	14
25	3	DN	1	32.1734555605244	2.83106871279415e-15	268.498326657264	0.0370301949028076	1	16
25	4	dDNa	1	31.9475214213133	7.45058015283462e-10	268.884502526854	0.0283842315919295	2	11
25	5	dDNb	1	31.5454349517822	3.81469726529193e-07	268.91071018396	0.0313151319490242	2	13
25	6	dDNc	1	31.6549867329309	2.83106871279415e-15	268.888737270774	0.0314588924512394	1	17
25	7	dDNd	1	32.2779626339674	9.31322241548571e-11	268.890723441289	0.0311736037672673	2	11
26	1	McFadden	10.1357405662537	NaN	NaN	118.207184691621	0.0494636188948217	2	13
26	2	Model2	9.51461029052735	NaN	NaN	118.139037595415	0.0492324911731143	2	12
26	3	DN	1	0.00380859375000853	0.15562744140625	110.58992764974	0.0485954176739535	2	13
26	4	dDNa	1	0.000799560546880684	0.150863647460938	112.585102422039	0.0567399927472029	2	16
26	5	dDNb	1	2.00817140694198e-09	0.148753468415816	111.424122049867	0.0431285829836287	2	22
26	6	dDNc	1	0.000799560546880684	0.151419067382812	112.592292730342	0.05346749161688	2	13
26	7	dDNd	1	1.0244549031313e-07	0.14720374122262	111.435208760204	0.0509988056086916	2	18
27	1	McFadden	39.8193359375	NaN	NaN	345.185654148726	0.0285729178895349	2	16
27	2	Model2	40.1865312228096	NaN	NaN	345.082056420789	0.0412315816227071	2	21
27	3	DN	1	40.7869281768799	4.76837158092103e-08	345.159035222325	0.0295490348212302	2	16
27	4	dDNa	1	40.2044921875	2.44140624999778e-05	345.11722552025	0.0336355940255243	2	12
27	5	dDNb	1	40.2597846004343	2.83106871279415e-15	345.085573617943	0.0409059560684091	2	16
27	6	dDNc	1	38.4829138040543	0.0189473271369934	345.112008707615	0.0371813323107421	2	19
27	7	dDNd	1	40.4143100979954	1.33514404576651e-06	345.070415841011	0.027690933204924	1	22
28	1	McFadden	4.33492206084775	NaN	NaN	171.374586662411	0.0251084714552473	2	19
28	2	Model2	3.51140098571778	NaN	NaN	169.794531976389	0.0307646485472349	2	13
28	3	DN	1	2.71211478710175	0.0767271876335144	171.160597682158	0.0251573162615289	2	11
28	4	dDNa	1	3.48826904296875	3.05175781245559e-06	169.797462022802	0.0297921095339307	2	14
28	5	dDNb	1	3.43561096191407	3.05175781245559e-06	169.796629094294	0.0343575383008226	2	14
28	6	dDNc	1	2.78801345076982	0.0370529742137932	169.778041102369	0.0415213587584473	2	27
28	7	dDNd	1	3.5083859370815	2.27040608535845e-14	169.835264522529	0.0400795669732623	2	20
29	1	McFadden	62.3073455810547	NaN	NaN	349.917200230791	0.030174462076644	2	12
29	2	Model2	62.5464638113976	NaN	NaN	349.81974955066	0.0282552449512438	2	10
29	3	DN	1	2.86102299185131e-07	0.519126415252686	343.335812610606	0.0398879144784726	2	14
29	4	dDNa	1	1.06170858771293e-08	0.523371834307909	344.059478869837	0.0334305244329625	2	12
29	5	dDNb	1	5.7335114433954e-10	0.521408757741301	343.251607330068	0.0387638260819566	1	20
29	6	dDNc	1	1.06170858771293e-08	0.52348359891912	344.027543526363	0.0384981583855127	2	22
29	7	dDNd	1	4.73022461022765e-05	0.535888481140137	343.250324479405	0.0337245422594692	2	12
30	1	McFadden	42.61171875	NaN	NaN	218.061387909472	0.0352966440945041	2	13
30	2	Model2	40.8875427246094	NaN	NaN	216.945687161291	0.0256293783303692	2	15
30	3	DN	1	42.2130218505859	3.05175781245559e-06	218.028858189784	0.0267492389457861	2	14
30	4	dDNa	1	40.7681725922972	7.45058015283462e-10	216.934851616279	0.0299311231869586	2	11
30	5	dDNb	1	41.7451171875	2.44140624999778e-05	216.98317736404	0.0333656018662835	2	11
30	6	dDNc	1	40.878515625	2.44140624999778e-05	216.965639054998	0.0334828641787562	2	12
30	7	dDNd	1	41.2542483297435	1.81854531433601e-13	216.957136965	0.0382103729395074	1	23
31	1	McFadden	530.600550079346	NaN	NaN	368.852046929314	0.0411951278330597	2	13
31	2	Model2	668.714681902528	NaN	NaN	368.852153053795	0.0344287953309978	2	20
31	3	DN	1	568.89914855957	0.551668548583984	368.901709486108	0.0341681702207473	1	20
31	4	dDNa	1	771.038484332313	0.283932214080642	368.886253252386	0.0383442773708245	1	20
31	5	dDNb	1	733.009202486184	0.948210735549219	368.89518031211	0.0301038289361565	2	13
31	6	dDNc	1	384.925816740056	1.79435683791227	368.842243250709	0.0510975340504488	1	21
31	7	dDNd	1	543.565234973188	1.25485685789026	368.866401665901	0.0307388413728202	1	21
32	1	McFadden	8.62066692635999	NaN	NaN	315.751130258939	0.0364039386865314	2	20
32	2	Model2	7.51759458950256	NaN	NaN	312.416065343688	0.0313643190658744	2	16
32	3	DN	1	4.73022461022765e-05	0.603357315063477	298.127896983029	0.0276905170059151	2	15
32	4	dDNa	1	2.86102299185131e-07	0.532157942652702	295.285211234991	0.0351745462964832	1	18
32	5	dDNb	1	4.73022461022765e-05	0.553446960449219	297.022485424943	0.0319250532382908	2	15
32	6	dDNc	1	2.00817140694198e-09	0.538629779979237	294.85444013091	0.0404661255648375	1	19
32	7	dDNd	1	2.86102299185131e-07	0.564230538159609	297.06098709451	0.0242185644241483	2	18
33	1	McFadden	128.676086425781	NaN	NaN	372.380175140078	0.0359322930834957	2	9
33	2	Model2	61.9575454711914	NaN	NaN	372.409177329222	0.0301743377878314	2	9
33	3	DN	1	137.548973083496	0.109217834472656	372.39939918029	0.0354111563285696	2	14
33	4	dDNa	1	70.8405876159668	0.165786552429199	372.428689106908	0.0417874229356245	2	14
33	5	dDNb	1	79.58671875	0.529296875	372.411633674959	0.0285418433144581	2	11
33	6	dDNc	1	82.7642578125	0.20322265625	372.404746304505	0.0362566270791597	2	11
33	7	dDNd	1	95.9776983737946	0.533064067363739	372.398368584095	0.0371014625947558	2	13
34	1	McFadden	4.61362395286561	NaN	NaN	169.66086470516	0.0352605749747031	2	18
34	2	Model2	3.99373960494996	NaN	NaN	167.429216261251	0.0361659983199018	2	20
34	3	DN	1	3.43994354375755	0.0709726859538932	168.435530528081	0.0233241540664778	2	21
34	4	dDNa	1	1.08796322010458	0.157813048735261	159.604192289714	0.0265138517803988	2	13
34	5	dDNb	1	2.61013628986007e-05	0.20029368204996	160.788589119315	0.0271500535314717	2	16
34	6	dDNc	1	1.02379105072469	0.158743397379294	159.446041225736	0.0308026419469474	1	28
34	7	dDNd	1	0.0723871664027769	0.194912413138081	160.585733647661	0.0263036338617668	2	24
35	1	McFadden	4.74538669586182	NaN	NaN	162.511532476615	0.0389598155297703	2	14
35	2	Model2	4.64365010411053	NaN	NaN	164.450631252066	0.0567389420205541	2	20
35	3	DN	1	4.77729008793831	5.9604644553346e-09	162.472800507798	0.036703965850035	2	11
35	4	dDNa	1	4.55300838947296	4.76837158092103e-08	164.421186806804	0.0506092409676087	1	18
35	5	dDNb	1	4.60085906982422	3.05175781245559e-06	164.469409042176	0.0470180464563833	1	19
35	6	dDNc	1	4.61364746093751	2.44140624999778e-05	164.466823535161	0.0413696948261198	2	15
35	7	dDNd	1	4.55896768569947	4.76837158092103e-08	164.458889202626	0.030195788061711	2	17
36	1	McFadden	3.44793551260968	NaN	NaN	187.018372374744	0.0402467687695062	1	20
36	2	Model2	3.40893747303635	NaN	NaN	193.233327741227	0.0558720782806449	2	20
36	3	DN	1	1.66267000167863e-12	0.332400722571492	167.230034319705	0.0342674853406449	1	26
36	4	dDNa	1	3.52926576852042e-11	0.335367930325174	177.380525284688	0.0318852214448435	2	17
36	5	dDNb	1	1.06170858771293e-08	0.301201929664239	179.927677230245	0.0295629375041801	2	17
36	6	dDNc	1	2.86102299185131e-07	0.327881717681885	177.261716238313	0.0337563460343475	2	18
36	7	dDNd	1	2.86102299185131e-07	0.311319297552109	179.142013742864	0.0360904999499181	2	11
37	1	McFadden	55.940748500824	NaN	NaN	382.500147926335	0.0373887127983754	1	18
37	2	Model2	53.7989280700684	NaN	NaN	382.555115240602	0.0396356093719206	2	14
37	3	DN	1	53.1696640014648	3.81469726529193e-07	382.467027157419	0.0392842575992519	2	12
37	4	dDNa	1	54.0723855327815	0.0234349014237523	382.519011182659	0.030705633632716	2	11
37	5	dDNb	1	55.0699625015259	4.58598136901522e-05	382.5085190195	0.0391642495547649	2	13
37	6	dDNc	1	55.7258259534836	5.9604644553346e-09	382.568266394145	0.0372941290278783	1	18
37	7	dDNd	1	54.7316343307495	4.76837158092103e-08	382.552749917369	0.0373919275855687	2	16
38	1	McFadden	8.38358993530274	NaN	NaN	269.302969243395	0.0292683122622196	2	13
38	2	Model2	7.8773928040173	NaN	NaN	272.91262897979	0.0358612345937854	1	21
38	3	DN	1	2.01757397616257	0.301703736774647	268.295028746498	0.0301977335631768	2	22
38	4	dDNa	1	7.82521757393843	1.16415210804632e-11	272.661481221081	0.0307357488262827	1	17
38	5	dDNb	1	2.12579820820538	0.287005748043885	271.624695779495	0.0308887043008233	1	27
38	6	dDNc	1	7.86855746507645	5.9604644553346e-09	272.884260692117	0.029085144787286	2	20
38	7	dDNd	1	2.25103334188462	0.282222670316696	271.840052657384	0.0291112807113986	2	11
39	1	McFadden	29.1752806186676	NaN	NaN	269.252766222864	0.0341846561898658	2	19
39	2	Model2	28.5894594669342	NaN	NaN	269.276701265147	0.0380401501626929	2	10
39	3	DN	1	14.2966445446946	0.153072159551084	268.358341577694	0.0367598375890194	1	21
39	4	dDNa	1	15.1475204467773	0.138975524902344	268.633567850393	0.0290489372928564	2	14
39	5	dDNb	1	14.8051209258847	0.141801184834912	268.612302853053	0.0344920648399537	2	11
39	6	dDNc	1	13.7203013241291	0.15743835568428	268.640167069293	0.0286087744967956	2	12
39	7	dDNd	1	15.8734497070313	0.133132934570312	268.601408065604	0.0313745345218052	2	11
40	1	McFadden	14.5907435178757	NaN	NaN	177.360057119299	0.0799165108122237	2	15
40	2	Model2	14.273531472683	NaN	NaN	178.171217874884	0.0906260504911877	2	19
40	3	DN	1	2.86102299185131e-07	0.306375217437744	160.349072208581	0.0416670663143542	2	11
40	4	dDNa	1	2.86102299185131e-07	0.299915206432342	157.489766616573	0.0413694356648266	2	19
40	5	dDNb	1	2.86102299185131e-07	0.291211423277855	160.082499612361	0.0405627325882987	2	18
40	6	dDNc	1	5.7335114433954e-10	0.298445882404485	157.506555483581	0.0244858030242709	1	21
40	7	dDNd	1	5.7335114433954e-10	0.287859152758028	160.069263713482	0.0409963064329161	2	21
41	1	McFadden	59.775244140625	NaN	NaN	350.353992940935	0.0398206217982571	2	17
41	2	Model2	58.5384391958316	NaN	NaN	350.155059678483	0.0406120049304628	2	21
41	3	DN	1	2.86102299185131e-07	0.619529914855957	349.114154344025	0.0387529529762223	2	16
41	4	dDNa	1	4.73022461022765e-05	0.627194976806641	349.037113342294	0.0361513445424136	2	17
41	5	dDNb	1	4.73022461022765e-05	0.629823875427246	348.958058836632	0.0317360885311058	2	15
41	6	dDNc	1	2.86102299185131e-07	0.626003360748291	349.040313679065	0.0351178777970881	2	16
41	7	dDNd	1	4.73022461022765e-05	0.627419281005859	348.944538924243	0.0294753884408284	2	15
42	1	McFadden	3.78371849060059	NaN	NaN	249.051815035627	0.0303663312906642	2	14
42	2	Model2	3.04286279926692	NaN	NaN	249.888076182256	0.0337149827842161	2	18
42	3	DN	1	1.86059071421624	0.146977335214615	248.763843678796	0.0277324102640831	2	21
42	4	dDNa	1	2.22052574157716	0.0839876174926757	249.800655870601	0.0279266888499225	2	12
42	5	dDNb	1	3.02862599790097	9.31322241548571e-11	249.947339213077	0.0363696847894771	1	18
42	6	dDNc	1	2.24187107086182	0.0793909668922424	249.715778749461	0.0359929023600572	2	18
42	7	dDNd	1	3.06990066675645	0.00100567313565986	249.915405658211	0.0274196965245727	1	29
43	1	McFadden	7.86781622618437	NaN	NaN	262.204142598037	0.035080686261963	2	16
43	2	Model2	7.77087554931641	NaN	NaN	263.080383011123	0.0289787639272967	2	13
43	3	DN	1	7.83306174576283	7.45058015283462e-10	262.231668051831	0.0334331935338381	2	11
43	4	dDNa	1	7.74613036513329	7.45058015283462e-10	263.004291957385	0.0389383590138054	2	21
43	5	dDNb	1	7.68193007310794	2.83106871279415e-15	262.980265077719	0.0323400987412583	1	20
43	6	dDNc	1	7.56550903320313	3.05175781245559e-06	263.058271654641	0.0321530591155959	1	19
43	7	dDNd	1	7.63126703323797	9.31322241548571e-11	263.070055945379	0.0323093823369499	1	16
44	1	McFadden	34.41281159823	NaN	NaN	215.091036564247	0.0457939122375616	1	27
44	2	Model2	34.448071924306	NaN	NaN	219.788353681989	0.0456994658463111	2	18
44	3	DN	1	34.554291844368	4.76837158092103e-08	215.08093511395	0.0468941004429477	2	18
44	4	dDNa	1	32.5743362426758	0.0133865356445312	219.837343296067	0.0476901970457271	2	11
44	5	dDNb	1	34.3804672837257	7.45058015283462e-10	219.866715493671	0.0487020217477891	2	11
44	6	dDNc	1	33.8498607158661	0.00102543830871576	219.757037747194	0.0473268911802867	2	16
44	7	dDNd	1	34.2843984375802	1.81854531433601e-13	219.851254867828	0.0422865187740516	2	15
45	1	McFadden	23.1090754309351	NaN	NaN	326.607358517233	0.0363398059506868	1	22
45	2	Model2	22.1862133026123	NaN	NaN	326.497583508652	0.0320600363481748	2	17
45	3	DN	1	2.86102299185131e-07	0.472992599010468	318.499188836562	0.034893961872438	2	11
45	4	dDNa	1	4.73022461022765e-05	0.473381042480469	317.712337127334	0.0332345473366661	1	20
45	5	dDNb	1	0.00380859375000853	0.4778564453125	318.624149578314	0.0352877108822695	2	18
45	6	dDNc	1	1.0244549031313e-07	0.473629258014262	317.695059412659	0.0338696370839569	2	15
45	7	dDNd	1	2.86102299185131e-07	0.468714901804924	318.584691450198	0.031084326742455	1	19
46	1	McFadden	5.95212847907096	NaN	NaN	362.6464623801	0.0280955292921042	2	19
46	2	Model2	4.1284408569336	NaN	NaN	356.397155323705	0.041616621764821	2	14
46	3	DN	1	1.06170858771293e-08	0.813771953759715	353.997467194724	0.0294268490913706	2	22
46	4	dDNa	1	4.73022461022765e-05	0.571021461486816	344.675127918286	0.0353664526277359	2	14
46	5	dDNb	1	5.7335114433954e-10	0.643886961510725	344.058520128789	0.0388393707244464	1	25
46	6	dDNc	1	1.06170858771293e-08	0.591574973578099	343.882213499922	0.0400866129689673	1	19
46	7	dDNd	1	2.00817140694198e-09	0.670212614198681	344.109250803107	0.0294832663901955	1	26
47	1	McFadden	36.5752572774887	NaN	NaN	369.184908995431	0.0371468577639986	2	22
47	2	Model2	33.1289856910706	NaN	NaN	368.650596494642	0.0358039013126548	2	16
47	3	DN	1	2.86102299185131e-07	0.724867778271437	358.180927301019	0.0267044620561829	2	18
47	4	dDNa	1	2.86102299185131e-07	0.657311904430389	354.201006235105	0.0305223393990081	2	16
47	5	dDNb	1	1.66267000167863e-12	0.705019528724324	358.557893439845	0.0303228878140395	1	19
47	6	dDNc	1	5.7335114433954e-10	0.652249442250468	353.946706758906	0.0288398441303999	2	15
47	7	dDNd	1	1.0244549031313e-07	0.716362938098609	358.34223962727	0.0313202981979612	2	15
48	1	McFadden	1.8934814453125	NaN	NaN	265.712459557452	0.0320697524452357	2	11
48	2	Model2	1.91592549860361	NaN	NaN	265.693657094939	0.0253645226936613	2	23
48	3	DN	1	1.90551757812501	2.44140624999778e-05	265.721938126198	0.0367025021703961	2	13
48	4	dDNa	1	0.00380859375000853	0.39197998046875	265.703865928247	0.0307806742390537	2	14
48	5	dDNb	1	1.87542724609376	3.05175781245559e-06	265.714651230267	0.0407353325398044	2	16
48	6	dDNc	1	1.23751220703126	0.138644409179687	265.709071748118	0.0338460800796454	2	14
48	7	dDNd	1	0.00380859375000853	0.384375	265.713993171517	0.0358747028896381	2	13
49	1	McFadden	26.9918273925781	NaN	NaN	346.454350501908	0.0284036649030269	2	11
49	2	Model2	26.6940854459244	NaN	NaN	345.523840214454	0.0393337573325685	2	16
49	3	DN	1	2.86102299185131e-07	0.815072274208069	320.493528272581	0.0362680171324422	2	17
49	4	dDNa	1	0.000799560546880684	0.806900024414062	323.992398259146	0.0292737907132764	1	16
49	5	dDNb	1	0.000799560546880684	0.837469482421875	321.827359158185	0.0287218786340194	2	12
49	6	dDNc	1	2.00817140694198e-09	0.83614136534452	323.148989141132	0.0309880099355606	2	14
49	7	dDNd	1	2.00817140694198e-09	0.875836122172768	321.262868007034	0.0340605472295437	2	15
50	1	McFadden	1.54913520812989	NaN	NaN	223.665892375297	0.039565855341751	2	14
50	2	Model2	1.39518860476092	NaN	NaN	224.206079459266	0.0454703749518506	1	20
50	3	DN	1	0.491954115518986	0.136431918548237	222.57244186609	0.0329091391810179	1	30
50	4	dDNa	1	1.38226181150927	0.000604679450996459	224.18479983323	0.0447973511864363	2	21
50	5	dDNb	1	0.377612391836358	0.134591873750719	223.06119041271	0.0296885208807955	1	26
50	6	dDNc	1	1.27533795520576	0.015006898361753	224.215426196913	0.0407073765302654	1	23
50	7	dDNd	1	0.45077587811393	0.124152467912063	223.085745216468	0.0438348993183909	2	18
51	1	McFadden	6.33251066207886	NaN	NaN	253.911199989713	0.0379564408163671	1	24
51	2	Model2	5.23691374573391	NaN	NaN	254.69224082793	0.0266005548725129	2	22
51	3	DN	1	0.109985038801099	0.578356578003149	198.496585161788	0.0324667237919149	2	23
51	4	dDNa	1	0.0861815742901015	0.499526890084962	205.274137933914	0.0281604158715344	1	36
51	5	dDNb	1	0.201001185136718	0.494429081066024	212.71786268382	0.0296110319172901	1	27
51	6	dDNc	1	0.0408352251670863	0.507785553338138	215.297607187962	0.0345722544881519	1	27
51	7	dDNd	1	0.150370999518785	0.505075823189691	222.305805612891	0.0306455399461693	2	24
52	1	McFadden	20.4861132159829	NaN	NaN	346.990196052584	0.0333672237022982	2	19
52	2	Model2	21.1034417957068	NaN	NaN	347.985766082332	0.0327590085172222	2	18
52	3	DN	1	20.7252806663513	4.76837158092103e-08	347.033607412604	0.0314949102471571	1	23
52	4	dDNa	1	15.0321311217733	0.132595793996006	347.909620800514	0.0350673909091178	2	16
52	5	dDNb	1	21.115185546875	2.44140624999778e-05	347.961252585119	0.0421140605803719	2	12
52	6	dDNc	1	10.0374709486961	0.238466599583626	347.860510837235	0.0295618442318865	2	11
52	7	dDNd	1	21.0826312750578	7.45058015283462e-10	347.996219076382	0.0372088765300894	2	21
53	1	McFadden	2.16203765869141	NaN	NaN	160.028609236773	0.0613911237769015	2	14
53	2	Model2	1.20076218056493	NaN	NaN	146.291625114566	0.0330930146997737	1	36
53	3	DN	1	4.73022461022765e-05	0.361415863037109	130.494225810227	0.03847604623486	2	17
53	4	dDNa	1	0.284891464687107	0.190463072649118	137.647804127086	0.0310105553175901	1	35
53	5	dDNb	1	2.86102299185131e-07	0.235223138332367	136.147913426825	0.0290365264941839	2	16
53	6	dDNc	1	9.2370555648813e-14	0.232349685756573	136.713707684377	0.0342089532514981	2	30
53	7	dDNd	1	4.73022461022765e-05	0.23572940826416	136.095663890293	0.0252308084519134	2	14
54	1	McFadden	465.785628183017	NaN	NaN	358.626259371613	0.0417311639009331	1	21
54	2	Model2	450.30439643069	NaN	NaN	358.623864437049	0.0256658859171751	1	18
54	3	DN	1	395.889033149183	1.96393966972828	358.57853462496	0.0293306007266277	2	14
54	4	dDNa	1	358.68056640625	1.8650390625	358.566218444153	0.037952730573364	2	13
54	5	dDNb	1	358.593346337693	0.979716689620091	358.58154050392	0.0362733123279637	1	19
54	6	dDNc	1	224.658227539062	1.9552734375	358.567531841505	0.028119737814588	2	13
54	7	dDNd	1	356.285841362923	1.29785597007722	358.580440537657	0.0306900116281764	2	18
55	1	McFadden	3.91447038650513	NaN	NaN	225.876318162759	0.0341503152621354	2	9
55	2	Model2	1.16245308822224	NaN	NaN	231.705574355985	0.0279160025999469	1	20
55	3	DN	1	3.64094742718153	0.0231724752113223	225.83390595661	0.0306373591349807	2	18
55	4	dDNa	1	0.312640553952342	0.173315290249199	230.485935925136	0.0246409835219657	1	22
55	5	dDNb	1	1.22795901818027	0.00111898792201826	231.441820914179	0.027362897056176	1	24
55	6	dDNc	1	4.73022461022765e-05	0.216630172729492	230.641996101654	0.0269251128458397	2	16
55	7	dDNd	1	1.24564425516874	1.16415210804632e-11	231.680018459346	0.0354485598895859	2	17
56	1	McFadden	0.502136111003352	NaN	NaN	183.49375189922	0.0522438545556636	1	19
56	2	Model2	4.73022461022765e-05	NaN	NaN	237.848271869244	0.029114824653256	2	12
56	3	DN	1	0.177692895170892	0.209221608522989	178.494886770723	0.0288434596629007	1	28
56	4	dDNa	1	0.0869700029390543	1.45516931837619e-12	227.80908871182	0.0304407135538272	1	20
56	5	dDNb	1	2.86102299185131e-07	0.0495412558317184	227.635103354925	0.0239453547892417	2	18
56	6	dDNc	1	0.000799560546880684	8.85009765624889e-05	237.843340924912	0.0306668586060837	2	13
56	7	dDNd	1	0.000799560546880684	3.05175781245559e-06	237.845899298325	0.0265427091250939	2	13
57	1	McFadden	393.648541259766	NaN	NaN	383.873155303911	0.033712050815066	2	13
57	2	Model2	474.812886428833	NaN	NaN	383.829676748678	0.0300960119816129	2	13
57	3	DN	1	501.28592142649	0.652348490804434	383.831268951497	0.0328147391605863	1	24
57	4	dDNa	1	595.043133544922	1.91045866012573	383.655091171498	0.0373422174502632	2	16
57	5	dDNb	1	481.881011390686	1.68060501813889	383.689331465542	0.0393169539386281	2	14
57	6	dDNc	1	457.200309142855	1.99998035808967	383.819188269846	0.0449095832440653	1	18
57	7	dDNd	1	500.693423339538	0.00116364331915969	383.830406910884	0.0243348269531882	2	19
58	1	McFadden	2.97306320071221	NaN	NaN	288.653510675369	0.0256264726034324	2	17
58	2	Model2	1.96995521969906	NaN	NaN	290.182625447861	0.0291714734942172	1	20
58	3	DN	1	2.87221288355068	0.0154878043103963	288.647004841109	0.0246844487263459	1	17
58	4	dDNa	1	4.73022461022765e-05	0.219925308227539	286.70972789192	0.0309879038972134	2	16
58	5	dDNb	1	1.50531616210938	0.0227312088012695	290.340378732761	0.0332840040634067	2	14
58	6	dDNc	1	4.73022461022765e-05	0.219666290283203	286.75096173489	0.0275772268125288	2	16
58	7	dDNd	1	0.887167905175744	0.0874043956520381	290.295525802197	0.0224237998327158	2	19
59	1	McFadden	4.2887659072876	NaN	NaN	201.778666518756	0.132754506555981	1	21
59	2	Model2	4.40099344253541	NaN	NaN	202.634511769838	0.098499858924146	2	17
59	3	DN	1	3.52926576852042e-11	0.225962062441249	184.939674367167	0.0349601652431441	1	26
59	4	dDNa	1	9.2370555648813e-14	0.23082160244549	186.246818231645	0.016479392751118	1	21
59	5	dDNb	1	2.86102299185131e-07	0.231205272674561	186.25555969801	0.0296645110642978	2	16
59	6	dDNc	1	3.52926576852042e-11	0.228639815108818	186.23134433627	0.0294155624720114	2	15
59	7	dDNd	1	0.00380859375000853	0.229541015625	186.230698069081	0.0285806402861902	2	12
60	1	McFadden	1.46698433395942	NaN	NaN	154.531224884085	0.0201854057526454	1	16
60	2	Model2	1.27902746200562	NaN	NaN	157.930417304981	0.0237970582617858	2	12
60	3	DN	1	1.45871581733228	7.45058015283462e-10	154.512404410962	0.0248372636937064	2	18
60	4	dDNa	1	4.73022461022765e-05	0.159435272216797	156.469317284115	0.0282076037757697	2	16
60	5	dDNb	1	0.19097986221314	0.13721421957016	157.572222237841	0.0319595062856735	2	13
60	6	dDNc	1	4.73022461022765e-05	0.159590148925781	156.476345975363	0.0298495625659673	2	14
60	7	dDNd	1	0.196350380528024	0.138966934435302	157.5118071677	0.019409175406833	2	19
