subID	TimeConstraint	modeli	name	scl	eta	Mp	wp	nll	nllsd	success	iterations
1	10	1	dDNb	1	0.0792524873026195	1	1	19.9568690441986	0.00249708054492358	2	12
1	1.5	1	dDNb	1	0.452564251422882	1	1	22.6576262477234	0.00412425778861877	2	12
2	10	1	dDNb	1	0.182291112697385	1	1	19.1127831238565	0.00227020549724494	2	12
2	1.5	1	dDNb	1	0.231689453125	1	1	20.3005453916607	0.00212685599082166	2	11
3	10	1	dDNb	1	0.0943411711923545	1	1	18.5987233664766	0.00164176071490656	2	11
3	1.5	1	dDNb	1	0.260457611083984	1	1	20.7889202602958	0.00356440485145107	2	11
4	10	1	dDNb	1	0.10905430057137	1	1	16.3514711616832	0.00241142786150706	2	12
4	1.5	1	dDNb	1	0.137921142578125	1	1	16.2245095545701	0.00251974356045677	2	11
5	10	1	dDNb	1	1.74570326971768e-06	1	1	16.8679691715989	0.00203316688429483	1	18
5	1.5	1	dDNb	1	9.76562499999667e-05	1	1	19.3254743859949	0.00290431764875218	2	11
6	10	1	dDNb	1	0.324262657956569	1	1	19.2874366258136	0.00205931809838178	2	11
6	1.5	1	dDNb	1	0.75129965684464	1	1	19.9024796533638	0.00287343479432142	2	14
7	10	1	dDNb	1	0.0813818247275776	1	1	18.0486753399358	0.00307473884756007	2	12
7	1.5	1	dDNb	1	0.0835949680651538	1	1	17.0087775415719	0.00189157135346119	2	12
8	10	1	dDNb	1	0.0388287677183854	1	1	17.8914662262595	0.00252028896156649	2	14
8	1.5	1	dDNb	1	0.0746252675191499	1	1	18.3066301524125	0.00265063525315341	2	14
9	10	1	dDNb	1	0.0657066345214843	1	1	18.1658445300521	0.00113937658054505	2	11
9	1.5	1	dDNb	1	0.113230594732886	1	1	20.6912554494506	0.0029395087525396	2	13
10	10	1	dDNb	1	0.090458707228754	1	1	19.2022079273096	0.00213076673802258	2	12
10	1.5	1	dDNb	1	0.172970283031464	1	1	21.4079192168801	0.00413838826578532	2	10
11	10	1	dDNb	1	1.99985158811323	1	1	19.4630199132538	0.00123543961765213	2	10
11	1.5	1	dDNb	1	1.25063399672508	1	1	19.4981870252722	0.0017535244142178	2	11
12	10	1	dDNb	1	1.99999268054962	1	1	31.3174414460099	0.00802500537708708	2	10
12	1.5	1	dDNb	1	1.99999674587743	1	1	46.1318513329765	0.0124238799419618	2	12
13	10	1	dDNb	1	1.99999943985604	1	1	23.9093791446332	0.00524262352849763	2	10
13	1.5	1	dDNb	1	1.99999924749136	1	1	23.0947999156257	0.00641781796936139	2	10
14	10	1	dDNb	1	0.0712967170285992	1	1	17.7800096354219	0.00282929962231411	2	13
14	1.5	1	dDNb	1	0.137435913085938	1	1	19.4708337662952	0.00312241909703292	2	11
15	10	1	dDNb	1	0.801227157190442	1	1	20.120231708612	0.00225025325747857	2	11
15	1.5	1	dDNb	1	0.542656360572437	1	1	20.3927019538552	0.00257886844401662	2	10
16	10	1	dDNb	1	0.0697773532832798	1	1	21.8202972461244	0.00367834882142952	2	13
16	1.5	1	dDNb	1	0.0195549011230468	1	1	22.0203045614967	0.00346826773813479	2	13
17	10	1	dDNb	1	0.230768203735352	1	1	20.3607172594223	0.00319117486193453	2	10
17	1.5	1	dDNb	1	0.223550799489021	1	1	19.6212053202513	0.00250281259682635	2	11
18	10	1	dDNb	1	0.19893913467422	1	1	18.7594894334142	0.00281978120847856	2	11
18	1.5	1	dDNb	1	0.486583667388186	1	1	22.2347205891052	0.00406770487962394	2	11
19	10	1	dDNb	1	0.111455524712801	1	1	20.9405819284943	0.00262493263853748	2	12
19	1.5	1	dDNb	1	0.15090160369873	1	1	19.9220989300816	0.00265807966332209	2	9
20	10	1	dDNb	1	1.99999946653843	1	1	19.6603487194608	0.00372561355083694	2	10
20	1.5	1	dDNb	1	0.576903587323613	1	1	20.3571257124264	0.00317808528570015	2	12
21	10	1	dDNb	1	1.99999638954178	1	1	30.6993584906168	0.00695676691551884	2	12
21	1.5	1	dDNb	1	1.99999923540745	1	1	25.2573037135988	0.00535953590647054	2	12
22	10	1	dDNb	1	0.325168871879578	1	1	18.0625033025121	0.00316439801025618	2	11
22	1.5	1	dDNb	1	0.305833435058594	1	1	19.2810421385744	0.00252552196920067	2	10
23	10	1	dDNb	1	0.0927761875796932	1	1	17.0715065210769	0.00141220556975161	2	12
23	1.5	1	dDNb	1	0.176958993123844	1	1	19.3800180530455	0.00294262795411463	2	10
24	10	1	dDNb	1	1.99999874010682	1	1	23.5223257694466	0.00505848837481381	2	11
24	1.5	1	dDNb	1	1.99969615097289	1	1	19.756540002887	0.00222767569825137	2	11
25	10	1	dDNb	1	0.154764449596405	1	1	20.3013237053107	0.00398431273716768	2	10
25	1.5	1	dDNb	1	0.252668141858885	1	1	19.7747206436911	0.00308853459055186	2	12
26	10	1	dDNb	1	0.0473480930784717	1	1	15.1585016541918	0.003470150383459	2	16
26	1.5	1	dDNb	1	0.107470243691932	1	1	17.8076574271114	0.00402893972279744	2	11
27	10	1	dDNb	1	0.455389833450317	1	1	18.6792478944805	0.00145054231819153	2	11
27	1.5	1	dDNb	1	1.99999894015491	1	1	20.260602178989	0.00370713629875262	2	10
28	10	1	dDNb	1	0.113322440276613	1	1	18.4821610193166	0.00242374125088082	2	12
28	1.5	1	dDNb	1	0.0922781503992155	1	1	17.6241648469241	0.00196204084157569	2	12
29	10	1	dDNb	1	0.137699127197266	1	1	19.4473491675343	0.00225255830036104	2	10
29	1.5	1	dDNb	1	0.169049644470215	1	1	19.6452610785152	0.00269549584870327	2	11
30	10	1	dDNb	1	0.234972408192698	1	1	20.0425451499222	0.00363947873765526	2	10
30	1.5	1	dDNb	1	0.382737357855012	1	1	19.7735981617639	0.00194580935867132	2	11
31	10	1	dDNb	1	1.99999990463257	1	1	22.82734472892	0.00605564595890212	2	12
31	1.5	1	dDNb	1	1.99999811425805	1	1	22.6552074797109	0.00560520724831858	2	15
32	10	1	dDNb	1	0.504745268810802	1	1	20.7109460676683	0.00301048317948781	2	11
32	1.5	1	dDNb	1	1.09158495664597	1	1	25.8016396921758	0.00695291506172906	2	13
33	10	1	dDNb	1	1.43625812424416	1	1	20.7686662161385	0.00302025033552296	2	13
33	1.5	1	dDNb	1	0.536375377327204	1	1	20.7559441488111	0.00533528185379355	2	9
34	10	1	dDNb	1	0.310025011139805	1	1	18.3423841158192	0.00145770065734953	2	9
34	1.5	1	dDNb	1	0.185148868151009	1	1	18.9507708299254	0.0028513872695033	2	10
35	10	1	dDNb	1	0.0868007404729724	1	1	18.1077059766858	0.00248507370234132	2	11
35	1.5	1	dDNb	1	0.155832934379578	1	1	19.1529496752728	0.00275773103963367	2	9
36	10	1	dDNb	1	0.0602627568157913	1	1	20.268631210259	0.00344698197830612	2	14
36	1.5	1	dDNb	1	0.17187762260437	1	1	22.6574730281477	0.00355349628767141	2	12
37	10	1	dDNb	1	0.368890380859375	1	1	21.6543454027513	0.00394252298619448	2	9
37	1.5	1	dDNb	1	1.99999964646995	1	1	19.4613829184912	0.00331778271765488	2	10
38	10	1	dDNb	1	0.100874505646061	1	1	20.0187120695965	0.00217189750152372	2	12
38	1.5	1	dDNb	1	0.388381958007812	1	1	25.794772242271	0.00452888712048809	2	12
39	10	1	dDNb	1	0.195622333500069	1	1	20.9626998526287	0.00358260330505659	2	10
39	1.5	1	dDNb	1	0.337818650243571	1	1	19.2591570444122	0.00201550298581357	2	11
40	10	1	dDNb	1	6.10351562496669e-06	1	1	14.9971518307543	0.0018147555659681	2	11
40	1.5	1	dDNb	1	0.0969010793603957	1	1	17.7928885426076	0.00315825513739131	2	11
41	10	1	dDNb	1	1.99882580339909	1	1	20.199971136809	0.00195167796961117	2	10
41	1.5	1	dDNb	1	1.99999908655882	1	1	19.8116133769401	0.00221428368550102	2	13
42	10	1	dDNb	1	0.104698758405105	1	1	20.1921584788488	0.00290885108454235	2	19
42	1.5	1	dDNb	1	0.281598894298077	1	1	22.0784917298097	0.00426282615791758	2	11
43	10	1	dDNb	1	0.0159448623657226	1	1	21.1328876568087	0.00350511242604908	2	13
43	1.5	1	dDNb	1	9.76562499999667e-05	1	1	18.6057324999263	0.00310447776187297	2	11
44	10	1	dDNb	1	0.0572265625	1	1	16.7544931405336	0.00185582379785155	2	11
44	1.5	1	dDNb	1	0.100471644103527	1	1	18.7159012246387	0.00257945314980897	2	13
45	10	1	dDNb	1	0.638355010322994	1	1	19.2925787554639	0.00106159173642599	2	10
45	1.5	1	dDNb	1	0.517901274751057	1	1	20.7121469871501	0.0032376103160485	2	11
46	10	1	dDNb	1	1.99998931884766	1	1	22.5046068559666	0.00372417866054926	2	10
46	1.5	1	dDNb	1	1.99999876022339	1	1	24.3361463785773	0.00621834186676222	2	10
47	10	1	dDNb	1	1.99999870263273	1	1	20.9838415287636	0.0031060106426611	2	10
47	1.5	1	dDNb	1	1.99985146895051	1	1	21.3038458547956	0.0036342630361848	2	12
48	10	1	dDNb	1	3.91070236218649e-05	1	1	35.3715372926689	0.00946132338586005	2	11
48	1.5	1	dDNb	1	0.1213134765625	1	1	34.0759966837503	0.00913142453859685	2	10
49	10	1	dDNb	1	1.99998874664307	1	1	21.7693500161457	0.00378303761316323	2	10
49	1.5	1	dDNb	1	1.99999745375535	1	1	21.587638043197	0.00383023733527567	2	11
50	10	1	dDNb	1	0.152583089470863	1	1	19.9966966262425	0.00298756931246292	2	10
50	1.5	1	dDNb	1	0.226952886581421	1	1	20.7014457120388	0.00309984998956497	2	9
51	10	1	dDNb	1	0.288030127435923	1	1	17.8718389196347	0.00174213247325841	2	9
51	1.5	1	dDNb	1	0.217347117411555	1	1	18.5277479996151	0.00369495010228838	2	12
52	10	1	dDNb	1	9.76562499999667e-05	1	1	19.8494231162556	0.00451611083242954	2	11
52	1.5	1	dDNb	1	0.0792739712953335	1	1	20.5748317282818	0.00381685415553923	2	12
53	10	1	dDNb	1	4.60172448124574e-06	1	1	17.8348018612888	0.00283535379899283	2	15
53	1.5	1	dDNb	1	2.31754147531071e-06	1	1	17.763270748861	0.00352018980881066	2	11
54	10	1	dDNb	1	1.55797564857639	1	1	22.6517911137938	0.00532227265389229	2	16
54	1.5	1	dDNb	1	1.98732570819557	1	1	20.9455609607685	0.00512281885207639	2	14
55	10	1	dDNb	1	6.10351562496669e-06	1	1	19.6315414686996	0.00203865385246874	2	11
55	1.5	1	dDNb	1	0.258914947509766	1	1	22.3157415039306	0.00384728184962246	2	11
56	10	1	dDNb	1	0.103228235244751	1	1	26.4583328544517	0.00638370961289112	2	13
56	1.5	1	dDNb	1	0.0981915484218916	1	1	29.9166807919684	0.00775084667843634	2	13
57	10	1	dDNb	1	1.99999783300154	1	1	21.3780421307363	0.00345717562382392	2	11
57	1.5	1	dDNb	1	1.99999875128269	1	1	20.6857504050312	0.00375378326932121	2	10
58	10	1	dDNb	1	1.52587890620004e-06	1	1	38.0742949499557	0.00842624988828065	2	13
58	1.5	1	dDNb	1	9.5367431590665e-08	1	1	52.1005436297974	0.00941950767813229	2	11
59	10	1	dDNb	1	0.18302001953125	1	1	20.4532791615794	0.00213527323127852	2	9
59	1.5	1	dDNb	1	0.298191213607788	1	1	20.4166887883283	0.00180195710675644	2	10
60	10	1	dDNb	1	0.0357899830542171	1	1	24.5216572230745	0.00419685266956607	1	18
60	1.5	1	dDNb	1	0.06217041015625	1	1	19.8850495776835	0.00229502750715766	2	12
