subID	modeli	name	Mp	wp	nll	nllsd	success	iterations
1	1	McFadden	0.206099140539003	NaN	108.596629235276	0.0201317374811349	1	25
1	2	LinearDistrb	0.186460738920687	NaN	112.883082000187	0.0244867521052894	1	21
1	3	DN	0.208486557006836	0	108.570005249002	0.0202500417951661	2	15
1	4	dDNb	0.114582447335124	0.0506571590900421	112.658341608244	0.0212303026798751	2	18
1	5	dDNd	0.124090432682834	0.0447732008597882	112.643108577149	0.0243770246681789	1	23
2	1	McFadden	0.0789294540154515	NaN	125.00065273195	0.0243435472557989	1	21
2	2	LinearDistrb	0.0473769643867854	NaN	135.004181953318	0.0220450658841033	1	17
2	3	DN	0.0750421809498221	0.000333932531066283	124.967326027758	0.020765023852809	1	21
2	4	dDNb	0.0306330205868619	0.00160722111986611	134.713654186039	0.0238015367845347	1	14
2	5	dDNd	0.0263180116126023	0.0021979365676088	134.721908518401	0.0215816400814994	1	19
3	1	McFadden	0.552189574678778	NaN	144.666795766842	0.0219890780508445	1	22
3	2	LinearDistrb	0.555117050884292	NaN	145.351896968457	0.0223839912463191	1	21
3	3	DN	0.544785141944885	0	144.679843819526	0.0211469051462357	1	21
3	4	dDNb	0.560472959032836	0	145.351530466492	0.0160011727599874	1	25
3	5	dDNd	0.547992681269534	0	145.341851471932	0.0215765389005082	1	22
4	1	McFadden	0.295941090348883	NaN	184.710576922267	0.0251487491882154	1	23
4	2	LinearDistrb	0.228562054606755	NaN	184.333102310005	0.0243486606556251	1	23
4	3	DN	7.82165443524718e-11	0.0625923773670365	182.276218303594	0.0214959545260696	1	18
4	4	dDNb	2.27373675443232e-13	0.0455653258209395	182.436622269795	0.0275645696998989	1	30
4	5	dDNd	2.04890966415405e-08	0.0458468802273273	182.463667486776	0.02575594416377	1	20
5	1	McFadden	0.635877086360779	NaN	140.795126309007	0.0256800668009262	1	23
5	2	LinearDistrb	0.572093749901228	NaN	140.32785700585	0.0262880895290671	1	20
5	3	DN	3.37604433298111e-09	0.288745829532854	121.374890623252	0.0232543815212266	1	29
5	4	dDNb	0.0237364700587932	0.239998897671467	126.367641481373	0.0311565536644995	1	20
5	5	dDNd	0.0351493494136434	0.24256409058833	127.084099641967	0.0205996403887162	1	24
6	1	McFadden	4.74987840652466	NaN	269.816860532615	0.0294160091366389	2	13
6	2	LinearDistrb	4.23499298095703	NaN	269.297027606517	0.0229130723066033	2	14
6	3	DN	2.27373675443232e-13	0.241059529750095	262.657657653963	0.0296286679940393	1	18
6	4	dDNb	4.76837158203125e-07	0.244833415746689	262.846975752261	0.0259289929268792	2	17
6	5	dDNd	2.04890966415405e-08	0.239430876635015	262.837472677335	0.0310153058325174	1	21
7	1	McFadden	0.457263333584706	NaN	186.639686812326	0.0277438566966	1	19
7	2	LinearDistrb	0.178494095802307	NaN	174.269303552328	0.0223734111837099	2	17
7	3	DN	4.76837158203125e-07	0.0486693382263184	185.986993898241	0.0284391351092223	2	18
7	4	dDNb	0.176455288406487	0	174.288635916783	0.0258511275510284	1	18
7	5	dDNd	0.170113761143512	0.000489273668426882	174.290856123801	0.0206853290937564	1	21
8	1	McFadden	0.490631878376007	NaN	165.392805644794	0.0456360140333726	2	18
8	2	LinearDistrb	0.476145267486572	NaN	166.177403309492	0.0323405493902276	2	17
8	3	DN	4.76837158203125e-07	0.10968354344368	162.359180129662	0.036689884313936	2	18
8	4	dDNb	7.05718994140625e-05	0.106010437011719	164.038660481699	0.0288975884907923	2	15
8	5	dDNd	7.05718994140625e-05	0.106886291503906	164.083784405627	0.0287729327035046	2	15
9	1	McFadden	2.00614841841161	NaN	247.950748363003	0.0281681139685314	2	15
9	2	LinearDistrb	3.70703125	NaN	253.58066953736	0.0309978055165603	2	13
9	3	DN	1.93267175555229	0.00867760181427002	247.937727698653	0.0355156172563747	2	11
9	4	dDNb	1.93898377654841	0	247.976046351088	0.0261345414182444	1	20
9	5	dDNd	1.98072046041489	0	247.987957958787	0.026174712478431	2	11
10	1	McFadden	5.06224632263184	NaN	265.412193956076	0.0199589501156057	2	14
10	2	LinearDistrb	0.66406986693346	NaN	241.36149077686	0.0316833302178311	1	20
10	3	DN	0.727178797242232	0	241.179956042082	0.0239355161312664	1	21
10	4	dDNb	0.659090151952114	0	241.382538155907	0.0337267952577383	2	18
10	5	dDNd	0.674385070800781	0	241.377364874796	0.0254797453139221	2	16
11	1	McFadden	0.775672912597656	NaN	185.332648646238	0.0259933488121974	2	9
11	2	LinearDistrb	0.500784786395407	NaN	180.051401464253	0.0200561134656159	1	19
11	3	DN	5.23868948221207e-10	0.122664898796938	183.381549234716	0.024545356814279	1	19
11	4	dDNb	0.0010986328125	0.067120361328125	179.284327883388	0.0209410561720104	2	16
11	5	dDNd	0.0661702156066895	0.0557195663452148	179.295543060737	0.0212492980107998	2	15
12	1	McFadden	0.515046685934067	NaN	136.091937373326	0.0200741348678986	2	18
12	2	LinearDistrb	0.472817440186063	NaN	140.669955919591	0.0228637891719348	1	22
12	3	DN	0.494210824370384	0	136.063057973161	0.0176565224120508	1	19
12	4	dDNb	0.473726272583008	0	140.699129370147	0.0230154423679482	2	15
12	5	dDNd	0.474740777284751	0	140.707231491061	0.0174892947524692	1	21
13	1	McFadden	0.750767114388708	NaN	148.822483682348	0.0188175445031856	1	20
13	2	LinearDistrb	0.70555914583565	NaN	148.722560669613	0.0194697107575598	2	19
13	3	DN	0.757143517956138	0	148.809111262512	0.017852090424041	1	17
13	4	dDNb	0.708853418048875	5.3405761718528e-06	148.753456916403	0.0179775432946441	1	18
13	5	dDNd	0.716745853424072	0	148.753588618631	0.0217381222010791	2	16
14	1	McFadden	3.68588256835938	NaN	256.52576483388	0.0252419275412188	2	14
14	2	LinearDistrb	0.897310883185128	NaN	233.824049068052	0.0250544049922343	1	17
14	3	DN	7.48400816519279e-06	0.234536473241314	230.317481053388	0.0282727761954418	1	25
14	4	dDNb	4.76837158203125e-07	0.242006874084473	230.409880066021	0.0303398928739	2	11
14	5	dDNd	1.11758708953857e-07	0.237846753001213	230.390667821376	0.0361204915549349	2	16
15	1	McFadden	0.237349317115047	NaN	191.060358043054	0.0320050862045965	1	20
15	2	LinearDistrb	0.233963469043374	NaN	192.644091193119	0.0272055346354036	1	18
15	3	DN	4.76837158203125e-07	0.075421953201294	189.514825016409	0.0194754758721795	2	17
15	4	dDNb	2.04890966415405e-08	0.0687233999371528	190.951662275126	0.0313903789170267	2	22
15	5	dDNd	0.0010986328125	0.06895751953125	191.005082842525	0.0287795797893982	2	13
16	1	McFadden	0.218517599627376	NaN	185.598239465135	0.029585149943695	1	21
16	2	LinearDistrb	0.198074026921063	NaN	183.832120993131	0.0327914492967105	1	22
16	3	DN	0.0082229546446726	0.114676264560418	184.976379985929	0.0255330327045016	1	22
16	4	dDNb	3.37604433298111e-09	0.0997376644751057	182.446750142754	0.0228769830870217	2	23
16	5	dDNd	4.76837158203125e-07	0.102449607849121	182.441443460368	0.0267106276583963	2	20
17	1	McFadden	5.07867431640625	NaN	263.164192337611	0.0307716841842481	1	21
17	2	LinearDistrb	2.10458564877626	NaN	257.795708242575	0.0290877083015688	2	20
17	3	DN	4.76837158203125e-07	0.321440893411636	255.719595986854	0.0232579373915964	2	18
17	4	dDNb	1.11758708953857e-07	0.318339186906815	255.866189154591	0.0232024012586255	2	13
17	5	dDNd	4.76837158203125e-07	0.324551862478256	255.813362241133	0.0300298446753469	2	20
18	1	McFadden	0.692637303844094	NaN	192.51751375002	0.0145868840159452	2	18
18	2	LinearDistrb	0.645724062109366	NaN	193.657370987986	0.0242059860426684	2	16
18	3	DN	0.0530332326889038	0.113539981842041	192.03530150826	0.025814891220059	2	19
18	4	dDNb	0.0010986328125	0.115228271484375	192.961999929688	0.025060094298957	2	15
18	5	dDNd	7.82165443524718e-11	0.115379893224599	192.972939711365	0.0265851902317644	1	18
19	1	McFadden	0.506462539749919	NaN	236.343591747507	0.0234832880229247	1	17
19	2	LinearDistrb	4.1904296875	NaN	266.839293912056	0.025653216361442	2	14
19	3	DN	9.21836476663884e-06	0.175734391436629	231.346673701271	0.0219057753274819	1	19
19	4	dDNb	2.04890966415405e-08	0.178854057565331	231.818285399516	0.022754542382445	2	21
19	5	dDNd	2.27373675443232e-13	0.174101147403985	231.779714486959	0.0248527108221856	1	17
20	1	McFadden	0.303832323290408	NaN	98.1702161642462	0.0177486746571398	1	18
20	2	LinearDistrb	0.189575910568237	NaN	96.8542337269775	0.0192991255190182	2	16
20	3	DN	4.76837158203125e-07	0.0728848457336426	93.4552585024077	0.01903648540382	2	14
20	4	dDNb	0.123176279988613	0.0181892751855706	96.7120413078786	0.0200156744335667	1	18
20	5	dDNd	0.127106668893248	0.0166398389264941	96.6809855244229	0.0154398835152143	1	23
21	1	McFadden	0.46221923828125	NaN	139.883613685762	0.0231849065526172	2	14
21	2	LinearDistrb	0.378500695042021	NaN	164.985803298844	0.0282223307564162	2	22
21	3	DN	0.441390544176102	0	139.831717401111	0.0204871465245609	2	19
21	4	dDNb	8.98421381023695e-05	0.0298687192505455	164.25584721959	0.0179772370540295	1	20
21	5	dDNd	0.0352863276070821	0.028309831885872	164.419374981834	0.0227231556262271	1	21
22	1	McFadden	4.3962516784668	NaN	268.383780821166	0.0280202450421446	2	14
22	2	LinearDistrb	1.60288347303867	NaN	264.196577538607	0.0297492609654134	2	16
22	3	DN	0.00204036978539079	0.225689731584862	262.518761760541	0.02995175072773	1	20
22	4	dDNb	4.76837158203125e-07	0.24703586101532	262.805715051013	0.0329154247554672	2	11
22	5	dDNd	2.04890966415405e-08	0.244109866768122	262.787131977993	0.0240121509410358	2	11
23	1	McFadden	1.83084106445312	NaN	202.753729235756	0.0223577018075635	1	23
23	2	LinearDistrb	0.777938842773438	NaN	182.180798682667	0.0260276595328162	2	15
23	3	DN	0.878684745053761	0	183.758443801654	0.0189978344214709	1	22
23	4	dDNb	0.792518615722656	0	182.202530519494	0.0269770571375578	2	14
23	5	dDNd	0.780906200408936	0	182.213927360809	0.0239383934284579	2	18
24	1	McFadden	0.327517001279375	NaN	118.111479981289	0.0467580681630764	1	25
24	2	LinearDistrb	0.312344036996365	NaN	117.979457369584	0.0385339747669916	2	17
24	3	DN	4.76837158203125e-07	0.110120677947998	114.094736919749	0.0258022840680047	2	21
24	4	dDNb	1.11758708953857e-07	0.108127568662167	114.698552736594	0.0237954173890721	2	18
24	5	dDNd	2.04890966415405e-08	0.105960603803396	114.693499529936	0.0185665927926884	1	21
25	1	McFadden	0.35806539436453	NaN	149.505797102971	0.0287584073361729	1	21
25	2	LinearDistrb	0.0906332433223724	NaN	136.241472139804	0.0239024375733681	2	11
25	3	DN	0.358954698021989	5.7690421817802e-05	149.540908762327	0.0253873083969226	2	24
25	4	dDNb	0.0690046846866608	0.00443814396858211	136.318170791888	0.0257520833953338	2	14
25	5	dDNd	0.077362060546875	0	136.301489448178	0.0246288605159069	2	14
26	1	McFadden	0.488122353330255	NaN	211.674840879313	0.0748056457376483	2	20
26	2	LinearDistrb	0.497506597617758	NaN	215.526508142319	0.0582291205943631	1	24
26	3	DN	0.48897048830986	0	211.595723354158	0.0612530858188821	2	11
26	4	dDNb	0.499053955078125	0	215.565463172457	0.0508413282405087	2	15
26	5	dDNd	0.493155875999946	0	215.54918769978	0.0538943304472792	2	18
27	1	McFadden	0.316207731759278	NaN	198.370962533344	0.0259508107593835	1	25
27	2	LinearDistrb	0.514095420389957	NaN	202.8270828767	0.0266720417551135	1	23
27	3	DN	0.0010986328125	0.02828369140625	198.357403943102	0.0203936500877715	2	18
27	4	dDNb	0.451195547357202	0.00520967468619349	202.806950586405	0.0214939785781593	1	19
27	5	dDNd	0.221781618893147	0.0302776455879211	202.815980605723	0.0235563535682857	2	23
28	1	McFadden	0.456908523258818	NaN	147.745136865936	0.0186719885618611	2	24
28	2	LinearDistrb	0.450567990541458	NaN	150.265530867174	0.0235592334869519	1	24
28	3	DN	0.461258246545185	7.49975220037946e-07	147.717252224132	0.0256254159670998	1	23
28	4	dDNb	0.432884216308594	0	150.283997467537	0.0266962097792578	2	17
28	5	dDNd	0.418303442245815	0.0022032634762581	150.25426759503	0.0220740564831638	2	20
29	1	McFadden	2.68611168861389	NaN	272.681676062541	0.02598207407263	2	16
29	2	LinearDistrb	2.11689114570618	NaN	272.678409186936	0.0351761574559263	1	24
29	3	DN	2.41274261474609	0	272.653924052214	0.0300542347266993	2	14
29	4	dDNb	2.47106170654297	0	272.612878977177	0.0323847033452626	1	23
29	5	dDNd	2.87294261902571	0	272.722073393799	0.0227673444684655	2	21
30	1	McFadden	0.563223792152712	NaN	186.160373000363	0.0261401754288104	1	18
30	2	LinearDistrb	0.549115300178528	NaN	187.122109951592	0.0218114882803918	2	19
30	3	DN	4.76837158203125e-07	0.129392147064209	183.355556061838	0.0310744595995012	2	17
30	4	dDNb	2.27373675443232e-13	0.114987869688775	181.678209243398	0.0275260891440522	1	18
30	5	dDNd	4.76837158203125e-07	0.116315078735352	181.679295330845	0.0272541430296256	2	16
31	1	McFadden	0.364297546562739	NaN	125.217730420011	0.09217250184206	2	24
31	2	LinearDistrb	0.342879537347471	NaN	124.267698478481	0.114320605175848	1	21
31	3	DN	0.365592956542969	0	125.461636432076	0.112114962016321	2	15
31	4	dDNb	0.340826034545898	0	124.112186684266	0.141655319220039	2	16
31	5	dDNd	0.342163681983948	0	124.274053682166	0.116759401059185	1	19
32	1	McFadden	2.83601629911573	NaN	263.816968668341	0.0312141586587018	1	18
32	2	LinearDistrb	2.97325997160078	NaN	263.734385392563	0.0266120826935772	2	18
32	3	DN	0.0010986328125	0.3963134765625	262.338077490656	0.0305358601260317	2	14
32	4	dDNb	1.13686837721616e-11	0.390583122298631	262.288402371187	0.0229018411856718	1	21
32	5	dDNd	4.76837158203125e-07	0.376622772216797	262.306163811693	0.0295800437181511	2	11
33	1	McFadden	4.77579498291016	NaN	268.51623795938	0.0273179899084273	2	14
33	2	LinearDistrb	4.5291862487793	NaN	268.194464480076	0.0244122712016628	2	14
33	3	DN	0.0010986328125	0.228192138671875	254.686295939348	0.0300855343314029	2	11
33	4	dDNb	1.11758708953857e-07	0.233474427461624	254.399005515778	0.0276586794067512	1	19
33	5	dDNd	4.76837158203125e-07	0.218444126844406	254.463997804117	0.0327066078266739	2	20
34	1	McFadden	0.755600400269032	NaN	126.179285499341	0.02331127619149	2	17
34	2	LinearDistrb	0.543729916943107	NaN	128.730496891507	0.0268288218158823	2	16
34	3	DN	0.756629943847656	0	126.170948638886	0.0242407389222447	2	11
34	4	dDNb	0.544232801068574	0	128.733887174845	0.0215152836022938	1	32
34	5	dDNd	0.545487735420465	0	128.701924242088	0.0262896873156649	2	28
35	1	McFadden	1.942626953125	NaN	242.467685701611	0.0261923194986669	2	10
35	2	LinearDistrb	0.374676294624805	NaN	200.855932290143	0.0233721498017306	2	19
35	3	DN	4.76837158203125e-07	0.0838750839233399	199.468854761574	0.0257388845543721	2	11
35	4	dDNb	4.76837158203125e-07	0.0794544219970703	199.570356383264	0.0225513925212408	2	17
35	5	dDNd	7.05718994140625e-05	0.0807228088378906	199.584641461599	0.023487531119016	2	15
36	1	McFadden	0.271163227036595	NaN	153.651681128456	0.027434561324138	1	20
36	2	LinearDistrb	0.252098885830492	NaN	154.553542277739	0.0249923171693665	2	21
36	3	DN	2.04890966415405e-08	0.0868372587487102	149.976672322185	0.0261540413173707	2	16
36	4	dDNb	4.76837158203125e-07	0.0808816909790039	151.796065665991	0.0255842819886586	2	18
36	5	dDNd	7.05718994140625e-05	0.0832942962646485	151.80913054172	0.0265418895402884	2	15
37	1	McFadden	0.498088868131163	NaN	179.523808802494	0.0348452050117691	2	19
37	2	LinearDistrb	0.472687333371141	NaN	179.791964025109	0.0297737811585309	1	17
37	3	DN	0.486918747425079	0	179.497367595255	0.0355707881395418	1	33
37	4	dDNb	0.478389928483466	1.53572009364833e-06	179.77168920027	0.0278240938551928	1	19
37	5	dDNd	0.482640984013415	0	179.757081834067	0.0352846984424554	1	25
38	1	McFadden	0.865753779187799	NaN	241.934290618109	0.0247383059440772	2	18
38	2	LinearDistrb	0.82791154563165	NaN	241.157403274611	0.0312540674113411	1	20
38	3	DN	4.76837158203125e-07	0.176970672607422	239.644484137802	0.0274290123061651	1	18
38	4	dDNb	7.05718994140625e-05	0.164649963378906	238.903344503064	0.0272967417450083	2	15
38	5	dDNd	7.82165443524718e-11	0.164295618781034	238.920351935957	0.0263549253114265	1	20
39	1	McFadden	0.467555828392506	NaN	210.881227181782	0.0271236126905368	2	9
39	2	LinearDistrb	0.350350737571716	NaN	209.465514925106	0.0253994460088819	2	17
39	3	DN	7.05718994140625e-05	0.191203308105469	206.666787744916	0.0254013910092311	2	15
39	4	dDNb	4.76837158203125e-07	0.177252721786499	207.69742754074	0.0259214141765246	2	17
39	5	dDNd	0.0010986328125	0.178973388671875	207.698322165493	0.0217745832426539	2	11
40	1	McFadden	0.921521309182936	NaN	171.968608400682	0.025082505914989	2	19
40	2	LinearDistrb	0.849421858787537	NaN	170.734706025518	0.0201332017427925	1	18
40	3	DN	0.908027976751328	0	171.907453583418	0.0206040804729691	2	17
40	4	dDNb	0.852206601965008	0	170.710393777939	0.0265224443641499	1	19
40	5	dDNd	0.849427301845026	0	170.737864824231	0.0253939006703077	1	23
