subID	modeli	name	eta	Mp	wp	nll	nllsd	success	iterations
1	1	McFadden	2.91635585427285	NaN	NaN	250.238330845619	0.0445271753699832	2	16
1	2	Model2	2.52664785385132	NaN	NaN	248.835798915345	0.0882088456714762	2	14
1	3	DN	1	7.24845093833283	-0.322286932636052	241.414292113485	0.0583935281843372	1	24
1	4	dDNa	1	6.35902777049942	-0.304861445950769	244.526444463357	0.0610945203498399	1	22
1	5	dDNb	1	6.84508566642181	-0.325997244473547	241.020822164732	0.0471786059398621	2	22
1	6	dDNc	1	6.51011120676995	-0.31258130967617	244.520644316463	0.0489027146416064	1	26
1	7	dDNd	1	6.74968490600587	-0.320665168762207	241.090636473426	0.0331984880448218	2	11
2	1	McFadden	83.1828072786331	NaN	NaN	349.025503641855	0.0407066736634844	2	15
2	2	Model2	79.7108413696289	NaN	NaN	348.350891515784	0.0312872789324069	2	12
2	3	DN	1	313.739513157861	-1.45303790334438	339.258290571506	0.0438789678290548	2	20
2	4	dDNa	1	268.685642129928	-1.20352262444794	338.955953920871	0.0353602732773417	2	18
2	5	dDNb	1	277.067109210006	-1.22294444593863	341.514254703469	0.0374936329177514	2	18
2	6	dDNc	1	259.05603761673	-1.15479173660278	339.001924834454	0.0296733867667843	2	15
2	7	dDNd	1	277.631381786062	-1.23143594622234	341.547812017708	0.0424654699235126	2	23
3	1	McFadden	7.71553754806519	NaN	NaN	183.854093691753	0.0292996390870314	2	17
3	2	Model2	7.0603734612465	NaN	NaN	191.710161416436	0.0407209333700046	2	28
3	3	DN	1	2.02948634854138	0.199403238565446	180.35625805768	0.0398157394189491	2	30
3	4	dDNa	1	4.32926003038884	0.104129960387945	191.724233612742	0.0364799986713765	2	20
3	5	dDNb	1	2.00817140694198e-09	0.230404206397361	189.591067093565	0.0490632354712293	2	18
3	6	dDNc	1	3.61777420756408	0.128579350432847	191.527791496571	0.0372565621068304	2	22
3	7	dDNd	1	0.00380859375000853	0.2300537109375	189.181923481142	0.0382182737362754	2	12
4	1	McFadden	10.0680843353272	NaN	NaN	124.85016324698	0.0226430638741632	2	13
4	2	Model2	9.39199218750001	NaN	NaN	124.930209330514	0.0260028154196078	2	9
4	3	DN	1	12.4093400119273	-0.0453033314695404	124.524106943876	0.0220693197615089	2	19
4	4	dDNa	1	12.4018183780521	-0.061718360289342	124.46288132188	0.0237812227113921	1	26
4	5	dDNb	1	11.5007960363291	-0.0428825598210097	124.514479418734	0.0237893673467592	2	11
4	6	dDNc	1	12.0395457406063	-0.0537132024997846	124.440162534936	0.0314598686719169	2	24
4	7	dDNd	1	11.8600596861274	-0.0505803901702166	124.517577678115	0.0265399408128455	1	25
5	1	McFadden	6.42282867431641	NaN	NaN	152.199610417761	0.0830008507546635	1	21
5	2	Model2	5.55848388671875	NaN	NaN	155.709164330828	0.109552145053887	2	13
5	3	DN	1	15.7930341009912	-0.148951140662213	148.515598577131	0.0435008402002306	1	22
5	4	dDNa	1	10.8101063400507	-0.111022478342056	147.498424917617	0.105438323887502	2	25
5	5	dDNb	1	13.0202125772834	-0.138009181618691	149.924569790834	0.107010408840989	1	20
5	6	dDNc	1	11.3099687576294	-0.119028043746948	147.488785411867	0.102361614620124	2	17
5	7	dDNd	1	12.2471885681152	-0.128739547729492	149.463094366273	0.114708400973972	2	18
6	1	McFadden	34.2516841888428	NaN	NaN	248.35252752709	0.0281182909104695	2	13
6	2	Model2	34.0533940972965	NaN	NaN	248.178437756589	0.0295182621088098	1	21
6	3	DN	1	4.73022461022765e-05	0.284121704101562	239.13453005187	0.0333120482098406	2	18
6	4	dDNa	1	3.52926576852042e-11	0.276002984296792	237.708890371788	0.0324777355921208	2	14
6	5	dDNb	1	2.86102299185131e-07	0.277768488973379	238.563939236494	0.032829349535527	2	14
6	6	dDNc	1	4.73022461022765e-05	0.275048065185547	237.711667111195	0.0338237157052066	2	14
6	7	dDNd	1	2.86102299185131e-07	0.280993127822876	238.541230071306	0.0336701720485926	2	14
7	1	McFadden	55.539689040184	NaN	NaN	286.02667302585	0.0315939763540329	2	10
7	2	Model2	56.4231811523438	NaN	NaN	286.520893285453	0.0363841248020935	2	9
7	3	DN	1	95.4670533753033	-0.26004224456392	284.885491586518	0.0374354293128412	2	18
7	4	dDNa	1	100.501914403657	-0.294664467242546	285.634595348538	0.0289650473987635	1	26
7	5	dDNb	1	110.762559509277	-0.35488224029541	285.221871805397	0.0307534675001976	2	11
7	6	dDNc	1	104.815416955948	-0.321359193325043	285.599166422509	0.0339004442198737	2	21
7	7	dDNd	1	200.681639399379	-0.96668215803802	284.449360734837	0.0336721084001395	2	22
8	1	McFadden	17.1163332223892	NaN	NaN	168.132450899126	0.111542657495968	2	24
8	2	Model2	16.613671875	NaN	NaN	168.925616333644	0.897103771289025	2	14
8	3	DN	1	0.000799560546880684	0.168466186523437	168.582843844979	0.10697951452626	1	22
8	4	dDNa	1	19.8875	-0.0312500000000001	169.467664107357	0.906187977800469	2	11
8	5	dDNb	1	0.67933654785157	0.161496734619141	168.843060987703	0.125487364631867	2	14
8	6	dDNc	1	7.07536573410034	0.0921129703521728	169.931158677473	1.51033764805113	2	11
8	7	dDNd	1	13.5040333320954	0.0308071868785191	167.755453211309	0.119907863446258	1	21
9	1	McFadden	8.29423869252206	NaN	NaN	190.426826767679	0.125301734908717	1	21
9	2	Model2	7.71451494693757	NaN	NaN	188.529533618824	0.0842669437891684	2	16
9	3	DN	1	8.6194846212864	-0.00635284930467611	190.752910505854	0.102516674554422	2	18
9	4	dDNa	1	12.3770338814855	-0.106444629787438	188.935754083394	0.919009484984132	1	21
9	5	dDNb	1	1.66267000167863e-12	0.159759902856146	186.893212028501	0.111964631288027	1	19
9	6	dDNc	1	14.7568705623969	-0.171982893813402	187.390925654166	0.121509916788029	2	19
9	7	dDNd	1	0.0131244018673939	0.16259696893394	187.283796728801	0.126093644056147	1	17
10	1	McFadden	27.2999241828918	NaN	NaN	352.714968030362	0.0394543243293811	2	17
10	2	Model2	27.5460118879273	NaN	NaN	353.718749424044	0.0261003564756306	2	15
10	3	DN	1	31.5925480663776	-0.0933550387620927	352.671871435139	0.0279187361686084	2	14
10	4	dDNa	1	1.0734846353531	0.690677769482136	353.093652986532	0.0350643208749274	2	17
10	5	dDNb	1	33.5236862182617	-0.131033325195313	353.951736418639	0.0403223559287684	2	15
10	6	dDNc	1	3.54890444129706	0.618107631802559	352.746281623874	0.0380720818351324	2	13
10	7	dDNd	1	36.3831377062423	-0.197900517311064	353.671082317939	0.0328259950940396	1	19
11	1	McFadden	395.143654632568	NaN	NaN	395.587557648998	0.0288741746711967	2	15
11	2	Model2	446.938638802497	NaN	NaN	395.491345383306	0.0340990544715635	2	20
11	3	DN	1	2.86102299185131e-07	1.35407155156136	369.889623804378	0.0332793013323082	2	20
11	4	dDNa	1	4.73022461022765e-05	1.27889080047607	364.617711604673	0.0354349175645813	2	15
11	5	dDNb	1	1.0244549031313e-07	1.45647787544876	374.200143979677	0.0341886511373621	1	23
11	6	dDNc	1	3.52926576852042e-11	1.48452305911651	353.97717362344	0.0387246660836171	1	21
11	7	dDNd	1	1.06170858771293e-08	1.55810532500036	368.332660802484	0.027021962373467	2	21
12	1	McFadden	107.199317634106	NaN	NaN	375.125174899459	0.0332860731946713	2	16
12	2	Model2	106.106054444867	NaN	NaN	374.866152491476	0.0364265129698803	2	15
12	3	DN	1	2.86102299185131e-07	0.715166616439819	368.28317187421	0.0374378020876428	2	16
12	4	dDNa	1	0.00380859375000853	0.72506103515625	368.982563465024	0.0343087694900622	2	13
12	5	dDNb	1	2.86102299185131e-07	0.704519510269165	367.926088376421	0.0334416294192636	2	17
12	6	dDNc	1	2.86102299185131e-07	0.711448740959167	368.975527389669	0.0313766612902881	2	14
12	7	dDNd	1	2.86102299185131e-07	0.71264469102025	367.933269230657	0.0362939890589252	2	12
13	1	McFadden	182.92109802934	NaN	NaN	351.362305925473	0.0220895465508861	1	21
13	2	Model2	182.348211669922	NaN	NaN	351.338235356436	0.0332624809403619	2	12
13	3	DN	1	353.580255126953	-1.21474304199219	350.788463316255	0.0329967233673818	2	15
13	4	dDNa	1	290.657342429273	-0.760848899232224	350.948382396464	0.0266090055379712	1	25
13	5	dDNb	1	228.968362732232	-0.457411836832762	351.278002122352	0.0360635375936635	2	18
13	6	dDNc	1	323.468148227571	-1.05586036328459	350.590334926139	0.0411725551520649	1	28
13	7	dDNd	1	353.472495712276	-1.18704661194934	350.728352677672	0.040662240657041	2	19
14	1	McFadden	10.5143615722656	NaN	NaN	168.323459155358	0.0407004668725326	2	12
14	2	Model2	9.62302209522669	NaN	NaN	168.807667936604	0.0391722210634927	2	18
14	3	DN	1	23.55192983749	-0.192378356160771	160.61753404886	0.0251183775425863	1	27
14	4	dDNa	1	23.3943695187569	-0.212210980057716	160.314866958459	0.0348202203122572	2	22
14	5	dDNb	1	23.3799855172634	-0.207622987031937	159.287657937844	0.028040340655176	2	17
14	6	dDNc	1	23.0501636770103	-0.208062611360384	160.271216220247	0.021990363594115	1	20
14	7	dDNd	1	23.5948740421794	-0.208878393052146	159.250337706426	0.0265023806499876	2	23
15	1	McFadden	19.9540131509304	NaN	NaN	327.877907271853	0.0317391037864028	2	19
15	2	Model2	19.5129993345588	NaN	NaN	327.656912253835	0.0291602519763927	2	17
15	3	DN	1	0.00380859375000853	0.49195556640625	321.765881695505	0.030580859925285	2	12
15	4	dDNa	1	2.86102299185131e-07	0.467163151502609	320.322139179109	0.0312840626045963	2	18
15	5	dDNb	1	4.73022461022765e-05	0.478913879394531	321.945507993841	0.0357539261421579	2	15
15	6	dDNc	1	0.000799560546880684	0.469268798828125	320.222706681936	0.033668538884085	2	16
15	7	dDNd	1	2.86102299185131e-07	0.483309173583984	321.965412847993	0.0224681984053882	2	14
16	1	McFadden	14.1611184440553	NaN	NaN	333.434336599755	0.0386004061623256	2	13
16	2	Model2	13.67685546875	NaN	NaN	334.07622800719	0.0341035308442716	2	12
16	3	DN	1	33.0857330426574	-0.53082890175283	330.403731708079	0.0333999450561457	2	19
16	4	dDNa	1	30.7861460621727	-0.528703623790352	328.216186136122	0.0333275214119266	2	16
16	5	dDNb	1	29.6049768230155	-0.48852102415741	330.690376218174	0.0286815607646207	2	18
16	6	dDNc	1	30.3240495681763	-0.513711810112	328.170422576535	0.0289868454028928	2	19
16	7	dDNd	1	30.6103986830451	-0.506132798781619	330.698426618501	0.0425551211657856	2	16
17	1	McFadden	40.4781718714579	NaN	NaN	260.852853423297	0.0352453837075362	1	24
17	2	Model2	40.7780068635941	NaN	NaN	260.764263594358	0.0293068401781507	2	16
17	3	DN	1	1.06170858771293e-08	0.327594636043068	245.883694791299	0.044434455195983	2	11
17	4	dDNa	1	0.000799560546880684	0.326995849609375	249.340735551316	0.0333236492159694	2	13
17	5	dDNb	1	3.52926576852042e-11	0.329439294984877	247.493468655182	0.0296215017884074	2	18
17	6	dDNc	1	2.00817140694198e-09	0.332161700070719	249.376659451711	0.0228588475890904	1	18
17	7	dDNd	1	4.73022461022765e-05	0.333484649658203	247.461678324269	0.0272186135301903	2	15
18	1	McFadden	45.885546875	NaN	NaN	243.669773798808	0.0394982981945401	2	13
18	2	Model2	45.8106323037602	NaN	NaN	244.66713128088	0.0327926626715483	1	20
18	3	DN	1	17.255513496697	0.242510187625885	242.425708164768	0.0337360619543499	2	11
18	4	dDNa	1	5.07394726276398	0.343939411640167	241.942784112236	0.034995090365446	2	11
18	5	dDNb	1	20.7997659921646	0.209003078937531	243.424294606465	0.0363934667202407	2	18
18	6	dDNc	1	3.41360511951498	0.358980355822132	241.946116526689	0.0290407097619034	1	22
18	7	dDNd	1	19.508442074433	0.219611345976591	243.351978399302	0.0438992098705753	2	11
19	1	McFadden	2.93618782570314	NaN	NaN	224.240399570496	0.0344764638002366	2	19
19	2	Model2	2.46331664957275	NaN	NaN	223.514525411919	0.0364946276044368	2	18
19	3	DN	1	4.74723722189665	-0.191807428747416	222.500667567867	0.0382767364818228	2	17
19	4	dDNa	1	4.25448507778347	-0.23433864954859	217.562266369898	0.0300509535323869	2	11
19	5	dDNb	1	4.3985008140035	-0.237360164336053	220.647320747897	0.047213953807721	1	21
19	6	dDNc	1	4.25181586707477	-0.237925083993469	217.777709843163	0.0466906692663343	1	26
19	7	dDNd	1	4.41083120588497	-0.23946355039356	221.007904468491	0.0552461657890716	1	27
20	1	McFadden	90.4108297801096	NaN	NaN	368.56915094517	0.0372184382383843	2	16
20	2	Model2	88.1401468793287	NaN	NaN	368.253737656294	0.0278957608974799	2	16
20	3	DN	1	4.73022461022765e-05	0.734579277038574	362.12814018358	0.0292563284141289	2	13
20	4	dDNa	1	0.000799560546880684	0.7410400390625	362.508266993267	0.0323767578079396	2	15
20	5	dDNb	1	4.73022461022765e-05	0.734860992431641	361.85456562798	0.0336225149862989	2	12
20	6	dDNc	1	2.86102299185131e-07	0.736583828926086	362.490195201811	0.0288316191595187	2	15
20	7	dDNd	1	1.66267000167863e-12	0.725211723737365	361.866892688215	0.0361214239855954	2	16
21	1	McFadden	0.367569192498927	NaN	NaN	386.106477295923	0.0377831674672192	2	16
21	2	Model2	6.62956747412682	NaN	NaN	392.550483207945	0.0311013989236865	2	17
21	3	DN	1	0.364892578125009	-1.45019836425781	379.845164041027	0.0353559215528681	2	25
21	4	dDNa	1	0.52583177685738	-1.58415476381779	375.121431932279	0.0228694280283724	2	21
21	5	dDNb	1	0.537124466133818	-1.60726378515137	380.073267847497	0.0244306113470112	2	22
21	6	dDNc	1	0.511723995208747	-1.55172071456909	375.221411165061	0.0297784174518269	2	22
21	7	dDNd	1	0.483843421936044	-1.40927993357182	380.399545257304	0.0381385144528935	2	20
22	1	McFadden	4.06538305466977	NaN	NaN	350.26525670829	0.0403135961658565	2	22
22	2	Model2	3.2732505241831	NaN	NaN	348.790018553594	0.0350111816394934	2	21
22	3	DN	1	1.15504221767188	0.545289887487888	348.284810166565	0.0410788149536649	2	20
22	4	dDNa	1	4.03624219894409	-0.313310861587524	342.817426214845	0.0315629112018336	2	16
22	5	dDNb	1	4.17354292944074	-0.373372206836939	344.707082860055	0.0323008750928145	2	18
22	6	dDNc	1	4.02904579043389	-0.297217765450478	344.13866311759	0.0413527105360773	2	11
22	7	dDNd	1	4.06087865829468	-0.359647452831268	346.163375000956	0.0371893860713847	2	18
23	1	McFadden	26.7879653930664	NaN	NaN	213.214786036789	0.0318844934767186	2	13
23	2	Model2	26.2945368409157	NaN	NaN	215.060943475908	0.0323584894784546	2	18
23	3	DN	1	73.5285615310073	-0.378500150889158	198.765264946648	0.0534928742665248	2	18
23	4	dDNa	1	73.9687627090316	-0.402281423230306	199.824200874211	0.0315770216620277	1	21
23	5	dDNb	1	75.729725150764	-0.409761369973421	197.957361682292	0.0367822095803882	2	11
23	6	dDNc	1	75.0470279693604	-0.410350131988525	199.838513026029	0.0363931943174536	2	11
23	7	dDNd	1	75.5054982348142	-0.406825979066105	197.960851673214	0.03388642810222	2	24
24	1	McFadden	48.1376319169998	NaN	NaN	359.526142212061	0.0295510664779435	2	13
24	2	Model2	2.60098037719727	NaN	NaN	253.09016802203	0.0837369818513236	2	13
24	3	DN	1	2.86102299185131e-07	0.937492048740387	321.737280764268	0.0306251343274143	2	18
24	4	dDNa	1	0.257297602295878	-0.00258731413632635	235.860191704137	0.0340936521195439	1	19
24	5	dDNb	1	0.521607111227233	-0.00453554323912758	244.908572316052	0.03211195734261	1	24
24	6	dDNc	1	1.44927291870118	-0.0178117752075196	241.645511881306	0.0295239627961234	2	16
24	7	dDNd	1	2.86102299185131e-07	0.0570776849985122	244.132735208805	0.0417076494728106	2	22
25	1	McFadden	32.0674610733986	NaN	NaN	268.488559178182	0.0420686009044727	2	9
25	2	Model2	31.888942483905	NaN	NaN	268.900572956453	0.0430595558184711	2	19
25	3	DN	1	73.159423828125	-0.4029541015625	266.270177104361	0.0268612475534703	2	11
25	4	dDNa	1	78.5430682216072	-0.456291574786883	265.800370952123	0.0319098060497552	2	11
25	5	dDNb	1	82.1549285888672	-0.491681098937988	266.186362177074	0.0277304404941958	2	17
25	6	dDNc	1	76.5016479610426	-0.43967492343636	265.882842849979	0.0362568256863632	2	20
25	7	dDNd	1	77.1963043171359	-0.448891759422259	266.242964766772	0.0352678656014593	2	15
26	1	McFadden	10.2148687362671	NaN	NaN	118.156775994147	0.046084721216653	2	18
26	2	Model2	9.53341674804688	NaN	NaN	118.151269549867	0.0579396095052276	2	13
26	3	DN	1	2.86102299185131e-07	0.156070458889008	110.527568645574	0.0473642823919625	2	16
26	4	dDNa	1	0.00380859375000853	0.14930419921875	112.582158923362	0.0515787011096571	2	11
26	5	dDNb	1	2.86102299185131e-07	0.148584389686584	111.414762143126	0.0574789133607628	1	17
26	6	dDNc	1	4.73022461022765e-05	0.150623321533203	112.59142647936	0.05019397575486	2	16
26	7	dDNd	1	2.86102299185131e-07	0.152111673355103	111.455437070098	0.0370239554019162	2	17
27	1	McFadden	40.1028269391507	NaN	NaN	345.1855278954	0.0330958471719709	2	25
27	2	Model2	40.1796676635742	NaN	NaN	345.108772318597	0.0335112532380086	2	15
27	3	DN	1	148.731691354589	-1.28642973256774	341.030672449315	0.0294417839689247	2	23
27	4	dDNa	1	46.0622741281437	-0.0766204942050536	345.079572767337	0.0312512976263813	2	19
27	5	dDNb	1	102.129394210875	-0.75633893031627	343.27541988529	0.044023267010251	2	28
27	6	dDNc	1	49.4374519824982	-0.121487128734589	345.046638912342	0.0417889193441609	2	17
27	7	dDNd	1	103.989302170277	-0.778457689285279	343.232929723001	0.0361413486183888	2	15
28	1	McFadden	4.30497693822254	NaN	NaN	171.37027202258	0.0276184901020878	2	20
28	2	Model2	3.48841009140016	NaN	NaN	169.814927907299	0.0308833623159306	2	16
28	3	DN	1	2.24252929687501	0.0998504638671875	171.130429074927	0.0296658398750378	2	15
28	4	dDNa	1	2.63539619445801	0.0442717552185058	169.750788288392	0.0322178411251813	2	17
28	5	dDNb	1	4.43339251286817	-0.0491634208417964	169.839524258439	0.0288588557451979	1	22
28	6	dDNc	1	2.83465061187745	0.0351507186889648	169.782291430391	0.0356295696350041	2	17
28	7	dDNd	1	3.30070818920237	0.00779447241556352	169.814533198875	0.0288785688908389	1	22
29	1	McFadden	62.837570142746	NaN	NaN	349.924996923855	0.0462894400545744	1	18
29	2	Model2	61.8927681985311	NaN	NaN	349.845960737439	0.0357804738649285	2	19
29	3	DN	1	2.86102299185131e-07	0.517499542236328	343.349206797178	0.0315207360125592	2	16
29	4	dDNa	1	2.86102299185131e-07	0.525525197386742	344.065817985933	0.0349674260269616	2	18
29	5	dDNb	1	2.86102299185131e-07	0.531612849235535	343.296253653697	0.0313789676896903	2	19
29	6	dDNc	1	1.0244549031313e-07	0.515982715599239	344.056381641314	0.0316699945681585	2	21
29	7	dDNd	1	3.52926576852042e-11	0.520513124059016	343.218893668166	0.0355437536694042	2	24
30	1	McFadden	42.5515380859375	NaN	NaN	218.049624844909	0.0367221933844965	2	15
30	2	Model2	41.191455078125	NaN	NaN	216.959127981961	0.0312585118964307	2	12
30	3	DN	1	110.828276324272	-0.57380747795105	205.6236206999	0.0289917768449579	2	11
30	4	dDNa	1	102.210405414179	-0.516920582391322	208.425489084142	0.0311407464751218	2	11
30	5	dDNb	1	104.396893707183	-0.531012117510909	207.361398076986	0.0328955112210945	2	18
30	6	dDNc	1	103.0092212677	-0.521635055541992	208.37090185343	0.0245178670126278	2	11
30	7	dDNd	1	103.171077384544	-0.521224673383404	207.316371060458	0.0330218636304367	2	11
31	1	McFadden	457.415526247025	NaN	NaN	368.940013815631	0.0348334840008508	2	12
31	2	Model2	649.559616492805	NaN	NaN	368.854045799876	0.0387621793515686	2	16
31	3	DN	1	496.375762349367	1.83977254629135	368.87299972368	0.0342004004665832	2	18
31	4	dDNa	1	958.382854848673	1.11330433569864	368.91738149725	0.0335723244004196	1	21
31	5	dDNb	1	898.778755533975	0.0225903145968914	368.907309594529	0.0390004704338623	2	14
31	6	dDNc	1	308.630829483923	1.9999999998603	368.807716005315	0.0323443458989867	2	23
31	7	dDNd	1	763.772483763998	1.04415561503738	368.852040146868	0.0390291409212742	1	18
32	1	McFadden	8.45696867286752	NaN	NaN	315.74059520792	0.0269318294673466	1	19
32	2	Model2	7.48501739501954	NaN	NaN	312.454605010513	0.0360940594894428	2	11
32	3	DN	1	4.73022461022765e-05	0.595552062988281	298.100014059315	0.0285923262101315	2	16
32	4	dDNa	1	2.86102299185131e-07	0.538661982119083	295.290043717555	0.0311935689636373	2	16
32	5	dDNb	1	2.86102299185131e-07	0.56313678920269	296.999371697726	0.0393744330755064	2	16
32	6	dDNc	1	1.0244549031313e-07	0.538611332699657	294.890269865377	0.0369947211076918	2	21
32	7	dDNd	1	1.0244549031313e-07	0.564976506866515	297.013071209962	0.027657735728691	2	16
33	1	McFadden	94.487451171875	NaN	NaN	372.381119671284	0.0322244400526477	2	9
33	2	Model2	93.1008157968521	NaN	NaN	372.38529147178	0.0303099546391877	2	17
33	3	DN	1	83.9314805984497	0.567510366439819	372.390748491711	0.0255368692163643	2	16
33	4	dDNa	1	69.3189571380615	0.199897813796997	372.413039082442	0.0343551491734854	2	18
33	5	dDNb	1	92.3194427490234	0.39030704498291	372.405601265217	0.0304446329832682	2	15
33	6	dDNc	1	105.339510939196	0.446846006545093	372.400451905096	0.0367399759766941	2	13
33	7	dDNd	1	119.438354492188	0.292218017578125	372.410928990606	0.0327680100590163	2	13
34	1	McFadden	4.63760334503781	NaN	NaN	169.673371771782	0.0313263121194666	2	27
34	2	Model2	4.00958404541016	NaN	NaN	167.431438759646	0.0292687087722866	2	13
34	3	DN	1	3.43529654145242	0.0694816321134567	168.403068299553	0.0214300672848174	2	11
34	4	dDNa	1	0.98693655796815	0.166427885903977	159.606154814716	0.028086578991483	2	23
34	5	dDNb	1	3.52926576852042e-11	0.202270251452001	160.764558996237	0.0328143944907461	2	21
34	6	dDNc	1	1.0803548693657	0.156302324123681	159.443288136819	0.0266622266788575	1	21
34	7	dDNd	1	2.86102299185131e-07	0.197481870651245	160.593328151889	0.0288586830566141	1	20
35	1	McFadden	4.72297698352487	NaN	NaN	162.543985137923	0.040000079054275	2	21
35	2	Model2	4.56456260681153	NaN	NaN	164.457953984643	0.0397865596108653	2	13
35	3	DN	1	4.96608047485352	-0.0143213748931885	162.468988613434	0.0279439310536331	2	23
35	4	dDNa	1	6.43664359657377	-0.121661114294963	164.283570630682	0.0477589061912546	1	22
35	5	dDNb	1	4.52021462917328	0.00019372701644893	164.477087753871	0.0348012508567275	2	17
35	6	dDNc	1	6.27181282043458	-0.10938663482666	164.357919181015	0.0358146814984992	2	11
35	7	dDNd	1	4.54811871051789	0.00630977153778073	164.4318858929	0.0390805179344248	2	11
36	1	McFadden	3.4641670592414	NaN	NaN	187.042151855108	0.048923032802951	2	21
36	2	Model2	3.444708299986	NaN	NaN	193.232757865578	0.0350121458443297	2	24
36	3	DN	1	2.86102299185131e-07	0.330088710784912	167.279363758319	0.0323371640048192	2	15
36	4	dDNa	1	1.06170858771293e-08	0.327387059852481	177.381730585491	0.0355297272529349	2	20
36	5	dDNb	1	9.2370555648813e-14	0.304471744658497	179.949514732103	0.040891824594223	1	22
36	6	dDNc	1	2.86102299185131e-07	0.327793598175049	177.298963490621	0.0295728255785114	2	20
36	7	dDNd	1	2.86102299185131e-07	0.307267427444458	179.116717154312	0.0326702851498664	2	16
37	1	McFadden	54.807547918966	NaN	NaN	382.479466097277	0.0362300057075646	2	21
37	2	Model2	55.0438555020839	NaN	NaN	382.568002626709	0.0296989923694789	2	20
37	3	DN	1	126.716688265651	-2	379.62944221794	0.0260591112911435	2	21
37	4	dDNa	1	133.09128835547	-1.91254324284232	381.755369282743	0.0410243347777624	1	20
37	5	dDNb	1	132.721167373657	-2	379.798810854447	0.0285392586654135	2	16
37	6	dDNc	1	130.758533547819	-1.90929669998586	381.773209037647	0.0344781295882985	2	13
37	7	dDNd	1	132.593421572447	-2	379.835886760859	0.0411587378896457	2	17
38	1	McFadden	8.30063141631327	NaN	NaN	269.325560036002	0.0358624916935437	2	22
38	2	Model2	7.91705167889596	NaN	NaN	272.880723250001	0.0320612318160757	2	20
38	3	DN	1	1.0244549031313e-07	0.411797119304538	268.310379223059	0.0286972234280923	2	19
38	4	dDNa	1	8.56210656017065	-0.037821688503027	272.630372858581	0.0294960092976692	2	17
38	5	dDNb	1	1.50414663736426	0.32120509129052	271.620936162034	0.0245505170197417	1	18
38	6	dDNc	1	8.98224993785844	-0.0454208733513952	272.880439242719	0.0367912417246506	1	19
38	7	dDNd	1	2.20919485092163	0.281247806549072	271.837879283486	0.0280306321779117	2	17
39	1	McFadden	28.74609375	NaN	NaN	269.240729570602	0.0354376135640884	2	9
39	2	Model2	28.9804457187653	NaN	NaN	269.272446143263	0.0387425082129028	2	15
39	3	DN	1	11.1597521781921	0.18043007850647	268.366364667462	0.0344980779997621	2	11
39	4	dDNa	1	14.3966300219297	0.143528047949076	268.660831353725	0.0283621373203012	2	17
39	5	dDNb	1	14.1890735819936	0.147568438947201	268.637821158404	0.0312331711165785	2	11
39	6	dDNc	1	14.6957497799202	0.14493914680279	268.634172097779	0.0298163561648618	2	26
39	7	dDNd	1	17.2771612054436	0.115655000938568	268.56747004978	0.0289547286597839	1	19
40	1	McFadden	14.5133666992188	NaN	NaN	177.29345296954	0.075451877234984	2	12
40	2	Model2	14.1828784704208	NaN	NaN	178.183097121087	0.0818579622325556	1	21
40	3	DN	1	4.73022461022765e-05	0.306736373901367	160.373019546923	0.0310950374844869	2	16
40	4	dDNa	1	0.00380859375000853	0.30140380859375	157.483061157779	0.0355438246439793	2	12
40	5	dDNb	1	2.86102299185131e-07	0.291417264938355	160.08973622387	0.0437808782202044	1	23
40	6	dDNc	1	0.00380859375000853	0.3037109375	157.561668257826	0.0367030723119524	2	11
40	7	dDNd	1	4.73022461022765e-05	0.288657188415527	160.08989660678	0.0458454114464563	2	11
41	1	McFadden	59.7422270536423	NaN	NaN	350.345162746747	0.032610068603275	2	16
41	2	Model2	59.1811951637268	NaN	NaN	350.176936821256	0.0274079741259362	2	13
41	3	DN	1	2.86102299185131e-07	0.63210751414299	349.017089710755	0.0363623858303428	2	21
41	4	dDNa	1	1.16327222376131	0.607075553381583	349.051313294219	0.0310565852015687	2	19
41	5	dDNb	1	2.86102299185131e-07	0.625987339019775	348.938047924992	0.0316486503107629	2	11
41	6	dDNc	1	1.06170858771293e-08	0.627926246705465	349.040366139002	0.0249123751850234	2	13
41	7	dDNd	1	0.0045932423687276	0.613931456313003	348.973151165683	0.0304406506043958	2	21
42	1	McFadden	3.72995124866721	NaN	NaN	249.005844578747	0.0372953453866621	1	18
42	2	Model2	2.9980148151517	NaN	NaN	249.901478940704	0.0320172595068921	1	19
42	3	DN	1	2.5423096922493	0.0957910480460746	248.783851924624	0.0254851567229276	1	22
42	4	dDNa	1	1.96348848342896	0.0977482795715332	249.735626806195	0.0388050496575691	2	11
42	5	dDNb	1	3.00320458933712	-0.00501049626618627	249.935881324112	0.045199022587518	2	11
42	6	dDNc	1	2.0503133431077	0.0920763894915581	249.705883471062	0.0357263527982439	2	11
42	7	dDNd	1	3.26894167065621	-0.0195148922502995	249.898436122503	0.0271512679996233	2	11
43	1	McFadden	7.74271925512912	NaN	NaN	262.169754303255	0.0315195682468124	2	20
43	2	Model2	7.88700615912676	NaN	NaN	263.069667870179	0.0358099988072045	2	14
43	3	DN	1	18.4744180440903	-0.440562772750855	259.967880009851	0.0317780470253736	2	18
43	4	dDNa	1	22.2768229618669	-0.655083401501179	257.706224740555	0.0295435542074676	2	19
43	5	dDNb	1	22.880171585083	-0.66488391160965	259.08348635577	0.033417964350536	2	14
43	6	dDNc	1	22.17111876735	-0.653924130252563	257.813531639411	0.0317926753569391	2	20
43	7	dDNd	1	22.7697088246394	-0.666212821698719	259.216810754134	0.0338703689435103	1	25
44	1	McFadden	34.6197265625	NaN	NaN	215.078789441503	0.0438232757383587	2	13
44	2	Model2	35.0107128143311	NaN	NaN	219.789018200662	0.0451110231213707	2	13
44	3	DN	1	50.9374745068635	-0.114090242956584	214.691304230817	0.0496176739464414	1	19
44	4	dDNa	1	29.7109994575381	0.0322511821985245	219.890263865772	0.0505700823989994	1	24
44	5	dDNb	1	45.1087703898549	-0.0753855332732201	219.581111466288	0.0418236041994683	2	11
44	6	dDNc	1	26.787390822731	0.055022579524666	219.839838146609	0.0440876159445201	1	17
44	7	dDNd	1	46.3306575238705	-0.0863438688218593	219.575203806958	0.0485086551812789	2	23
45	1	McFadden	22.8906213816491	NaN	NaN	326.615692647678	0.0220352853710365	2	19
45	2	Model2	22.1845192521811	NaN	NaN	326.4958762226	0.0313145640739041	2	18
45	3	DN	1	0.000799560546880684	0.47025146484375	318.524033772853	0.03860305144705	2	12
45	4	dDNa	1	0.000799560546880684	0.470913696289062	317.709938665733	0.0290351898484136	2	13
45	5	dDNb	1	4.73022461022765e-05	0.461872100830078	318.638846977176	0.0332003218554559	2	14
45	6	dDNc	1	0.000799560546880684	0.476788330078125	317.686933970979	0.0309319338682395	2	13
45	7	dDNd	1	1.66267000167863e-12	0.477553905482361	318.629523648479	0.0354741153754709	2	17
46	1	McFadden	5.99037418365479	NaN	NaN	362.665041048473	0.0391077792649923	2	9
46	2	Model2	4.15090613870576	NaN	NaN	356.389206960382	0.0260741206671034	2	22
46	3	DN	1	3.52926576852042e-11	0.851607479198356	353.994459485985	0.0375438647378972	1	25
46	4	dDNa	1	1.0244549031313e-07	0.567259360663593	344.676160635559	0.0357857490333659	1	19
46	5	dDNb	1	2.00817140694198e-09	0.653896973226802	344.033768455273	0.033352431850125	1	20
46	6	dDNc	1	2.86102299185131e-07	0.599257004261017	343.91323881095	0.0286128587899387	2	17
46	7	dDNd	1	1.0244549031313e-07	0.686612931266427	344.125769917327	0.0338668252484954	2	15
47	1	McFadden	35.5826171875	NaN	NaN	369.22636953976	0.0333357286234218	2	15
47	2	Model2	32.7753536507022	NaN	NaN	368.647512564344	0.0409482093322033	2	23
47	3	DN	1	5.7335114433954e-10	0.71457189683133	358.185274762176	0.0288305147767707	2	20
47	4	dDNa	1	2.86102299185131e-07	0.656230103969574	354.152486696579	0.033152705155573	2	14
47	5	dDNb	1	0.000799560546880684	0.714508056640625	358.566136171776	0.0353251441818205	2	13
47	6	dDNc	1	2.86102299185131e-07	0.646108439564705	353.979639712156	0.0282322791618452	2	17
47	7	dDNd	1	9.50530171479613e-05	0.718534068763256	358.385373942782	0.0311017122358111	2	19
48	1	McFadden	1.93587677800807	NaN	NaN	265.715449111118	0.0322394967640337	1	23
48	2	Model2	1.93175258636475	NaN	NaN	265.702160239286	0.0343565370370671	2	15
48	3	DN	1	0.00380859375000853	0.38172607421875	265.678593776881	0.0338011496199478	2	13
48	4	dDNa	1	9.82830200195313	-1.58678894042969	265.716886410574	0.0246971542888283	2	14
48	5	dDNb	1	0.160278320312507	0.362115478515625	265.691580088028	0.0236396227126798	2	16
48	6	dDNc	1	0.15989337563515	0.343442299962044	265.696410166531	0.0327299947248262	2	19
48	7	dDNd	1	5.27563476562501	-0.671542358398438	265.721531880265	0.0365111167786655	2	14
49	1	McFadden	27.7072250366211	NaN	NaN	346.465696492194	0.0209517168264481	2	12
49	2	Model2	26.4106608390808	NaN	NaN	345.513440734557	0.035139178964828	2	14
49	3	DN	1	1.06170858771293e-08	0.814710377238225	320.507495945377	0.037371661565447	2	18
49	4	dDNa	1	2.86102299185131e-07	0.80609176158905	323.956804709709	0.0386414856975985	2	17
49	5	dDNb	1	2.86102299185131e-07	0.83049139380455	321.806527538722	0.0364851856526243	2	15
49	6	dDNc	1	0.000799560546880684	0.845416259765625	323.127065827229	0.0204957125361786	2	22
49	7	dDNd	1	2.86102299185131e-07	0.871379611641169	321.243433673174	0.0318151805483089	2	14
50	1	McFadden	1.78515625000001	NaN	NaN	225.903308180697	0.0335677344532723	2	12
50	2	Model2	1.39317047753721	NaN	NaN	224.208156117458	0.0422929824190284	2	22
50	3	DN	1	0.794957004953183	0.0943517409265041	222.45531938457	0.0404164966533825	1	20
50	4	dDNa	1	1.30056085586548	0.012781548500061	224.218517860176	0.0445589980444759	2	11
50	5	dDNb	1	0.436415467194465	0.12660326651021	223.065047185602	0.0302598887966951	2	17
50	6	dDNc	1	1.17790455222131	0.0271956592798233	224.24385895688	0.048265675458873	2	11
50	7	dDNd	1	0.448955110221874	0.12465774640732	223.065650243928	0.0347691276689393	2	22
51	1	McFadden	6.35764079093934	NaN	NaN	253.87394538713	0.0323669116906814	2	19
51	2	Model2	5.11426983892453	NaN	NaN	254.693893025245	0.0310960637090479	2	18
51	3	DN	1	0.110060511527635	0.579197807920173	198.501084520611	0.0320453360232656	1	24
51	4	dDNa	1	0.0989309878321407	0.496493043168448	205.251907550761	0.0325542250907291	1	22
51	5	dDNb	1	0.190471132844692	0.488896829634905	212.719604056607	0.0262268194990246	2	20
51	6	dDNc	1	0.0381692393566553	0.495973895683892	215.201750998138	0.0319274906730052	2	29
51	7	dDNd	1	0.139759778034026	0.507856536405961	222.285639793361	0.0239329891396739	1	29
52	1	McFadden	20.5961273193359	NaN	NaN	347.020231946502	0.0333450744574421	2	14
52	2	Model2	20.7938772201538	NaN	NaN	347.969573048236	0.0356325319285028	2	14
52	3	DN	1	33.1346276283264	-0.269852924346924	346.921337965632	0.029655144736829	2	16
52	4	dDNa	1	63.9773057507377	-1.09311203960932	342.798846948965	0.0413780959037129	1	26
52	5	dDNb	1	24.9748818397522	-0.0888340950012207	347.942459586542	0.0333247676054005	2	11
52	6	dDNc	1	12.1330568790436	0.191784831881523	347.844271409307	0.0372331632304139	2	11
52	7	dDNd	1	72.5907165527344	-1.24353976249695	343.539080262423	0.0211307675121123	2	17
53	1	McFadden	2.15705910333573	NaN	NaN	159.978463359614	0.0631146319414839	2	20
53	2	Model2	1.18718317481135	NaN	NaN	146.271855234613	0.0289288745107639	2	20
53	3	DN	1	1.66267000167863e-12	0.359860457490754	130.474276468663	0.0386117885437611	1	22
53	4	dDNa	1	0.290983200073249	0.184287643432617	137.651666702141	0.0353802576907527	2	11
53	5	dDNb	1	4.73022461022765e-05	0.23851318359375	136.116462329369	0.0369023983199369	2	16
53	6	dDNc	1	0.00668061897159333	0.233702593110502	136.778857061404	0.0390314484897631	2	17
53	7	dDNd	1	2.86102299185131e-07	0.234534120559692	136.115019102366	0.0217491489980483	1	23
54	1	McFadden	474.696292122878	NaN	NaN	358.636146071816	0.0249872563304857	1	18
54	2	Model2	519.980226159096	NaN	NaN	358.625906692069	0.0354828197493865	2	19
54	3	DN	1	292.376640795561	2	358.585629019574	0.0384951980695397	1	19
54	4	dDNa	1	291.294049691999	1.96075254709631	358.581659091244	0.0298567055895181	2	17
54	5	dDNb	1	339.595793334022	1.5322404530365	358.588629506812	0.0386524534739482	2	14
54	6	dDNc	1	282.43586350265	1.86427160640014	358.588583964419	0.0323660014287962	2	13
54	7	dDNd	1	291.112913894653	1.86900844573975	358.606805756952	0.0308756099332111	2	16
55	1	McFadden	3.89989538192749	NaN	NaN	225.853089595823	0.0458649808687709	2	13
55	2	Model2	1.06381876587403	NaN	NaN	231.706344237647	0.034841180131567	2	18
55	3	DN	1	3.814564475714	0.00516106244467662	225.835826322886	0.0357257462638698	2	32
55	4	dDNa	1	0.341543920338161	0.160249981284142	230.472894522929	0.0331268942847972	2	11
55	5	dDNb	1	1.54395094364882	-0.0381195716559887	231.387087630335	0.0278058563184116	2	11
55	6	dDNc	1	0.191677964711566	0.198342028318439	230.593224981582	0.0300427598261126	2	25
55	7	dDNd	1	1.42027718126774	-0.026135266572237	231.580917368528	0.0334497883690626	2	20
56	1	McFadden	0.50216502547265	NaN	NaN	183.503944232103	0.0449615807089402	2	18
56	2	Model2	0.000799560546880684	NaN	NaN	237.844533259161	0.0269902503578543	2	12
56	3	DN	1	0.160082445144717	0.220473458663871	178.624131541942	0.027127134220587	1	22
56	4	dDNa	1	0.100097656250007	0.00130481719970699	227.908229883804	0.0330896647834591	2	20
56	5	dDNb	1	0.000799560546880684	0.047918701171875	227.67965944299	0.0323485620340438	2	15
56	6	dDNc	1	0.000376415252688389	0.0191397339105606	237.880623639244	0.0265425326694781	1	27
56	7	dDNd	1	2.86102299185131e-07	0.00650228261947627	237.849439096134	0.0283891494882167	2	18
57	1	McFadden	489.074011230469	NaN	NaN	383.873688983712	0.0358522154283736	2	12
57	2	Model2	535.427272141537	NaN	NaN	383.83302969147	0.0310684279789572	1	21
57	3	DN	1	451.918871814013	1.25172439515591	383.842454854088	0.0318878363648016	2	15
57	4	dDNa	1	441.515959358215	0.817934989929199	383.755003685719	0.0417138359360651	2	16
57	5	dDNb	1	686.382336425781	0.110745239257812	383.595948800718	0.0361044166988487	2	14
57	6	dDNc	1	445.181796336174	1.9999999910593	383.868690978252	0.0389259618783007	2	12
57	7	dDNd	1	548.034735655785	-1.84060049057007	383.846393942014	0.0348040451144133	2	20
58	1	McFadden	3.03784116208554	NaN	NaN	288.645785968008	0.029139351054009	2	9
58	2	Model2	1.97584777694693	NaN	NaN	290.149439958483	0.0206529457653113	1	20
58	3	DN	1	2.85035400390625	0.0214935302734375	288.685896028944	0.0260317201667788	2	11
58	4	dDNa	1	4.73022461022765e-05	0.213722229003906	286.69151795176	0.0271146148939662	2	17
58	5	dDNb	1	1.24653930664063	0.046209716796875	290.309533727246	0.0339024324258263	2	13
58	6	dDNc	1	2.86102299185131e-07	0.222097253799438	286.776621359958	0.0252099196812983	2	20
58	7	dDNd	1	1.31273803710938	0.0508934020996094	290.214872185767	0.0239607329203052	2	15
59	1	McFadden	4.21068641766907	NaN	NaN	201.817981857446	0.127961161322008	2	9
59	2	Model2	4.19863595962525	NaN	NaN	202.43414853394	0.157333186924839	2	20
59	3	DN	1	4.73022461022765e-05	0.226896095275879	184.939462752618	0.0326150075930486	2	16
59	4	dDNa	1	4.73022461022765e-05	0.229140472412109	186.262504436549	0.0310343176657199	1	29
59	5	dDNb	1	2.86102299185131e-07	0.230614513158798	186.27649657607	0.0333669512770502	2	15
59	6	dDNc	1	4.73022461022765e-05	0.229930877685547	186.244174876088	0.0435883554318324	2	11
59	7	dDNd	1	4.73022461022765e-05	0.228755950927734	186.214763573458	0.0348876960023372	2	14
60	1	McFadden	1.45194696187973	NaN	NaN	154.532932881984	0.0237043820259086	2	14
60	2	Model2	1.27512512207032	NaN	NaN	157.950206072372	0.0249823357772408	2	12
60	3	DN	1	1.41490705609322	0.0081063330173492	154.596019797914	0.0313225139358055	2	18
60	4	dDNa	1	0.127320003509524	0.144470643997192	156.525028077074	0.0196814945331379	2	11
60	5	dDNb	1	0.235504150390632	0.135247802734375	157.588575884055	0.0274399651351671	2	14
60	6	dDNc	1	2.86102299185131e-07	0.158760356903076	156.510844648473	0.0266706816947611	1	25
60	7	dDNd	1	0.125955662252096	0.146130319337681	157.542197686665	0.0307692702007789	1	25
