subID	Model	eta	Mp	wp	nll
1	1	2.616505e+00	NaN	NaN	2.506294e+02
1	2	2.616505e+00	NaN	NaN	2.490951e+02
1	3	1	2.940048e+00	0	2.507074e+02
1	4	1	2.616505e+00	0	2.484395e+02
1	5	1	2.328566e+00	0	2.491270e+02
1	6	1	2.616505e+00	0	2.487347e+02
1	7	1	2.616505e+00	0	2.490699e+02
2	1	7.692650e+01	NaN	NaN	3.491787e+02
2	2	7.692650e+01	NaN	NaN	3.483370e+02
2	3	1	8.643883e+01	2.531646e-02	3.490467e+02
2	4	1	7.692650e+01	2.531646e-02	3.484848e+02
2	5	1	7.692650e+01	2.531646e-02	3.483260e+02
2	6	1	7.692650e+01	0	3.485569e+02
2	7	1	7.692650e+01	0	3.482641e+02
3	1	7.471671e+00	NaN	NaN	1.838963e+02
3	2	7.471671e+00	NaN	NaN	1.916037e+02
3	3	1	2.072315e+00	2.025316e-01	1.800876e+02
3	4	1	4.686904e+00	7.594937e-02	1.914845e+02
3	5	1	5.747694e-01	2.025316e-01	1.894071e+02
3	6	1	3.303599e+00	1.265823e-01	1.909889e+02
3	7	1	2.541343e-01	2.025316e-01	1.886650e+02
4	1	1.060026e+01	NaN	NaN	1.250150e+02
4	2	9.433732e+00	NaN	NaN	1.252284e+02
4	3	1	1.060026e+01	0	1.248976e+02
4	4	1	9.433732e+00	0	1.246905e+02
4	5	1	9.433732e+00	0	1.248510e+02
4	6	1	9.433732e+00	0	1.248310e+02
4	7	1	9.433732e+00	0	1.247933e+02
5	1	5.917686e+00	NaN	NaN	1.523021e+02
5	2	4.171125e+00	NaN	NaN	1.512082e+02
5	3	1	6.649436e+00	0	1.527428e+02
5	4	1	4.686904e+00	0	1.532531e+02
5	5	1	2.616505e+00	2.531646e-02	1.515561e+02
5	6	1	4.171125e+00	0	1.514426e+02
5	7	1	1.029576e+00	5.063291e-02	1.522848e+02
6	1	3.401305e+01	NaN	NaN	2.485261e+02
6	2	3.401305e+01	NaN	NaN	2.482991e+02
6	3	1	1.000000e-01	2.784810e-01	2.390293e+02
6	4	1	2.012785e-01	2.784810e-01	2.374895e+02
6	5	1	5.115178e-01	2.784810e-01	2.384073e+02
6	6	1	1.000000e-01	2.784810e-01	2.375597e+02
6	7	1	3.605471e-01	2.784810e-01	2.384220e+02
7	1	5.422221e+01	NaN	NaN	2.864859e+02
7	2	5.422221e+01	NaN	NaN	2.862999e+02
7	3	1	5.422221e+01	0	2.861455e+02
7	4	1	5.422221e+01	0	2.864431e+02
7	5	1	5.422221e+01	0	2.866170e+02
7	6	1	5.422221e+01	0	2.866721e+02
7	7	1	5.422221e+01	0	2.863258e+02
8	1	1.689850e+01	NaN	NaN	1.686841e+02
8	2	1.689850e+01	NaN	NaN	1.685191e+02
8	3	1	6.649436e+00	7.594937e-02	1.619519e+02
8	4	1	2.940048e+00	1.012658e-01	1.611638e+02
8	5	1	1.594159e-01	1.265823e-01	1.612189e+02
8	6	1	4.552268e-01	1.265823e-01	1.619881e+02
8	7	1	1.641307e+00	1.012658e-01	1.593989e+02
9	1	7.471671e+00	NaN	NaN	1.899383e+02
9	2	6.649436e+00	NaN	NaN	1.864494e+02
9	3	1	1.641307e+00	1.265823e-01	1.880993e+02
9	4	1	5.917686e+00	2.531646e-02	1.878056e+02
9	5	1	5.917686e+00	0	1.832311e+02
9	6	1	5.917686e+00	2.531646e-02	1.867345e+02
9	7	1	5.115178e-01	1.265823e-01	1.848291e+02
10	1	2.693889e+01	NaN	NaN	3.530230e+02
10	2	2.693889e+01	NaN	NaN	3.539759e+02
10	3	1	2.693889e+01	2.531646e-02	3.526197e+02
10	4	1	1.262600e-01	6.835443e-01	3.527245e+02
10	5	1	2.693889e+01	2.531646e-02	3.538534e+02
10	6	1	4.171125e+00	5.822785e-01	3.524312e+02
10	7	1	2.693889e+01	2.531646e-02	3.536340e+02
11	1	4.968240e+02	NaN	NaN	3.952667e+02
11	2	7.048574e+02	NaN	NaN	3.953736e+02
11	3	1	1.418727e-01	1.341772e+00	3.698130e+02
11	4	1	1.262600e-01	1.291139e+00	3.646308e+02
11	5	1	1.000000e-01	1.417722e+00	3.740352e+02
11	6	1	1.000000e-01	1.417722e+00	3.538708e+02
11	7	1	1.000000e-01	1.493671e+00	3.682022e+02
12	1	1.091377e+02	NaN	NaN	3.752446e+02
12	2	1.226331e+02	NaN	NaN	3.751898e+02
12	3	1	1.791284e-01	7.088608e-01	3.680274e+02
12	4	1	4.051305e-01	7.594937e-01	3.686681e+02
12	5	1	5.115178e-01	7.088608e-01	3.674875e+02
12	6	1	1.156888e+00	7.088608e-01	3.686641e+02
12	7	1	1.000000e-01	7.341772e-01	3.676128e+02
13	1	1.954966e+02	NaN	NaN	3.512157e+02
13	2	1.739828e+02	NaN	NaN	3.512619e+02
13	3	1	1.594159e-01	1.341772e+00	3.510164e+02
13	4	1	3.712105e+00	1.215190e+00	3.511250e+02
13	5	1	7.471671e+00	1.341772e+00	3.510559e+02
13	6	1	7.471671e+00	1.316456e+00	3.511758e+02
13	7	1	7.471671e+00	1.265823e+00	3.510507e+02
14	1	1.060026e+01	NaN	NaN	1.684010e+02
14	2	9.433732e+00	NaN	NaN	1.692820e+02
14	3	1	1.060026e+01	0	1.683095e+02
14	4	1	9.433732e+00	0	1.685365e+02
14	5	1	9.433732e+00	0	1.693054e+02
14	6	1	9.433732e+00	0	1.684506e+02
14	7	1	9.433732e+00	0	1.692832e+02
15	1	2.133605e+01	NaN	NaN	3.281443e+02
15	2	1.898808e+01	NaN	NaN	3.278261e+02
15	3	1	1.000000e-01	4.810127e-01	3.217686e+02
15	4	1	1.262600e-01	4.556962e-01	3.201693e+02
15	5	1	1.262600e-01	4.556962e-01	3.218587e+02
15	6	1	1.418727e-01	4.810127e-01	3.201772e+02
15	7	1	2.541343e-01	4.810127e-01	3.217816e+02
16	1	1.503887e+01	NaN	NaN	3.336396e+02
16	2	1.338389e+01	NaN	NaN	3.344602e+02
16	3	1	1.503887e+01	0	3.338125e+02
16	4	1	1.503887e+01	0	3.344083e+02
16	5	1	1.338389e+01	0	3.341721e+02
16	6	1	1.503887e+01	0	3.339767e+02
16	7	1	1.338389e+01	0	3.340910e+02
17	1	4.294488e+01	NaN	NaN	2.611913e+02
17	2	3.821893e+01	NaN	NaN	2.609207e+02
17	3	1	3.605471e-01	3.291139e-01	2.455374e+02
17	4	1	2.855592e-01	3.291139e-01	2.492431e+02
17	5	1	2.261676e-01	3.291139e-01	2.471451e+02
17	6	1	1.791284e-01	3.291139e-01	2.492702e+02
17	7	1	2.012785e-01	3.291139e-01	2.473904e+02
18	1	4.825522e+01	NaN	NaN	2.442598e+02
18	2	4.825522e+01	NaN	NaN	2.447580e+02
18	3	1	3.027002e+01	1.265823e-01	2.422595e+02
18	4	1	2.261676e-01	3.797468e-01	2.416506e+02
18	5	1	2.133605e+01	2.025316e-01	2.432203e+02
18	6	1	1.156888e+00	3.797468e-01	2.416927e+02
18	7	1	9.433732e+00	3.037975e-01	2.433764e+02
19	1	2.940048e+00	NaN	NaN	2.245085e+02
19	2	2.328566e+00	NaN	NaN	2.232460e+02
19	3	1	2.940048e+00	0	2.240743e+02
19	4	1	2.616505e+00	0	2.234646e+02
19	5	1	2.616505e+00	0	2.233011e+02
19	6	1	2.328566e+00	0	2.233839e+02
19	7	1	2.328566e+00	0	2.231564e+02
20	1	8.643883e+01	NaN	NaN	3.687342e+02
20	2	8.643883e+01	NaN	NaN	3.683723e+02
20	3	1	1.123655e-01	7.594937e-01	3.618246e+02
20	4	1	2.541343e-01	6.835443e-01	3.622040e+02
20	5	1	2.541343e-01	7.341772e-01	3.615312e+02
20	6	1	4.552268e-01	7.088608e-01	3.621511e+02
20	7	1	1.262600e-01	7.594937e-01	3.614483e+02
21	1	4.051305e-01	NaN	NaN	3.859635e+02
21	2	3.605471e-01	NaN	NaN	3.859373e+02
21	3	1	3.605471e-01	1.012658e-01	3.859398e+02
21	4	1	3.208700e-01	5.063291e-02	3.855796e+02
21	5	1	3.605471e-01	5.063291e-02	3.855566e+02
21	6	1	3.605471e-01	0	3.857580e+02
21	7	1	4.051305e-01	0	3.857026e+02
22	1	4.171125e+00	NaN	NaN	3.499364e+02
22	2	2.940048e+00	NaN	NaN	3.488202e+02
22	3	1	1.299942e+00	5.569620e-01	3.479770e+02
22	4	1	2.940048e+00	5.063291e-02	3.481520e+02
22	5	1	4.552268e-01	7.594937e-01	3.468699e+02
22	6	1	2.940048e+00	0	3.489061e+02
22	7	1	2.072315e+00	3.037975e-01	3.480839e+02
23	1	2.693889e+01	NaN	NaN	2.135949e+02
23	2	2.693889e+01	NaN	NaN	2.151283e+02
23	3	1	2.693889e+01	0	2.135874e+02
23	4	1	2.693889e+01	0	2.151507e+02
23	5	1	2.693889e+01	0	2.152033e+02
23	6	1	2.693889e+01	0	2.152683e+02
23	7	1	2.693889e+01	0	2.148457e+02
24	1	5.422221e+01	NaN	NaN	3.596388e+02
24	2	2.072315e+00	NaN	NaN	2.523501e+02
24	3	1	2.541343e-01	9.620253e-01	3.218957e+02
24	4	1	1.000000e-01	3.544304e-01	2.475481e+02
24	5	1	1.418727e-01	5.063291e-02	2.452276e+02
24	6	1	1.262600e-01	4.050633e-01	2.494276e+02
24	7	1	2.012785e-01	5.063291e-02	2.443897e+02
25	1	3.027002e+01	NaN	NaN	2.688410e+02
25	2	3.401305e+01	NaN	NaN	2.689557e+02
25	3	1	3.401305e+01	0	2.688332e+02
25	4	1	3.401305e+01	0	2.690425e+02
25	5	1	3.027002e+01	0	2.689863e+02
25	6	1	3.027002e+01	0	2.689584e+02
25	7	1	3.401305e+01	0	2.693097e+02
26	1	9.433732e+00	NaN	NaN	1.182163e+02
26	2	9.433732e+00	NaN	NaN	1.182746e+02
26	3	1	2.261676e-01	1.518987e-01	1.101324e+02
26	4	1	1.123655e-01	1.518987e-01	1.122642e+02
26	5	1	1.000000e-01	1.518987e-01	1.112405e+02
26	6	1	1.791284e-01	1.518987e-01	1.123382e+02
26	7	1	1.418727e-01	1.518987e-01	1.114085e+02
27	1	4.294488e+01	NaN	NaN	3.452887e+02
27	2	4.294488e+01	NaN	NaN	3.453114e+02
27	3	1	4.294488e+01	0	3.449500e+02
27	4	1	3.401305e+01	5.063291e-02	3.448529e+02
27	5	1	4.294488e+01	0	3.451966e+02
27	6	1	3.821893e+01	0	3.450544e+02
27	7	1	4.294488e+01	0	3.451778e+02
28	1	4.171125e+00	NaN	NaN	1.716353e+02
28	2	3.303599e+00	NaN	NaN	1.695823e+02
28	3	1	3.303599e+00	5.063291e-02	1.711231e+02
28	4	1	3.303599e+00	0	1.697006e+02
28	5	1	3.303599e+00	0	1.697569e+02
28	6	1	2.328566e+00	5.063291e-02	1.698711e+02
28	7	1	3.303599e+00	0	1.700023e+02
29	1	6.846097e+01	NaN	NaN	3.500314e+02
29	2	6.846097e+01	NaN	NaN	3.500278e+02
29	3	1	1.123655e-01	5.063291e-01	3.430750e+02
29	4	1	3.208700e-01	5.063291e-01	3.438360e+02
29	5	1	1.299942e+00	5.063291e-01	3.430026e+02
29	6	1	3.208700e-01	5.063291e-01	3.437969e+02
29	7	1	5.115178e-01	5.063291e-01	3.430354e+02
30	1	4.294488e+01	NaN	NaN	2.181213e+02
30	2	4.294488e+01	NaN	NaN	2.173194e+02
30	3	1	4.294488e+01	0	2.183570e+02
30	4	1	4.294488e+01	0	2.170974e+02
30	5	1	4.294488e+01	0	2.171239e+02
30	6	1	4.294488e+01	0	2.171469e+02
30	7	1	4.294488e+01	0	2.170843e+02
31	1	4.421500e+02	NaN	NaN	3.687449e+02
31	2	4.421500e+02	NaN	NaN	3.686886e+02
31	3	1	7.048574e+02	3.037975e-01	3.684498e+02
31	4	1	6.272900e+02	9.367089e-01	3.684122e+02
31	5	1	8.899530e+02	1.620253e+00	3.684584e+02
31	6	1	6.272900e+02	1.822785e+00	3.682672e+02
31	7	1	8.899530e+02	1.012658e-01	3.683457e+02
32	1	8.395579e+00	NaN	NaN	3.160550e+02
32	2	7.471671e+00	NaN	NaN	3.125765e+02
32	3	1	1.262600e-01	5.822785e-01	2.980389e+02
32	4	1	1.123655e-01	5.063291e-01	2.953281e+02
32	5	1	1.418727e-01	5.316456e-01	2.970489e+02
32	6	1	1.000000e-01	5.316456e-01	2.950118e+02
32	7	1	1.123655e-01	5.316456e-01	2.968268e+02
33	1	2.397435e+01	NaN	NaN	3.720902e+02
33	2	3.934927e+02	NaN	NaN	3.718632e+02
33	3	1	7.920164e+02	1.468354e+00	3.718550e+02
33	4	1	3.116527e+02	1.189873e+00	3.718767e+02
33	5	1	3.401305e+01	1.012658e+00	3.717449e+02
33	6	1	1.377972e+02	1.518987e-01	3.718540e+02
33	7	1	2.773563e+02	4.050633e-01	3.718866e+02
34	1	4.686904e+00	NaN	NaN	1.696862e+02
34	2	4.171125e+00	NaN	NaN	1.677341e+02
34	3	1	2.940048e+00	1.012658e-01	1.684485e+02
34	4	1	8.154407e-01	1.772152e-01	1.595451e+02
34	5	1	1.123655e-01	2.025316e-01	1.606286e+02
34	6	1	9.162739e-01	1.772152e-01	1.593521e+02
34	7	1	1.123655e-01	2.025316e-01	1.605005e+02
35	1	4.686904e+00	NaN	NaN	1.627266e+02
35	2	4.686904e+00	NaN	NaN	1.650580e+02
35	3	1	4.171125e+00	2.531646e-02	1.621668e+02
35	4	1	3.712105e+00	5.063291e-02	1.644821e+02
35	5	1	4.686904e+00	0	1.645911e+02
35	6	1	4.171125e+00	2.531646e-02	1.647291e+02
35	7	1	4.686904e+00	0	1.646167e+02
36	1	3.303599e+00	NaN	NaN	1.871682e+02
36	2	3.303599e+00	NaN	NaN	1.934946e+02
36	3	1	1.000000e-01	3.291139e-01	1.677198e+02
36	4	1	1.418727e-01	3.037975e-01	1.775221e+02
36	5	1	1.123655e-01	3.037975e-01	1.799073e+02
36	6	1	2.261676e-01	3.037975e-01	1.773444e+02
36	7	1	2.261676e-01	2.784810e-01	1.793052e+02
37	1	5.422221e+01	NaN	NaN	3.825694e+02
37	2	5.422221e+01	NaN	NaN	3.827467e+02
37	3	1	4.825522e+01	7.594937e-02	3.824438e+02
37	4	1	4.825522e+01	1.265823e-01	3.824490e+02
37	5	1	5.422221e+01	0	3.824002e+02
37	6	1	5.422221e+01	2.531646e-02	3.823703e+02
37	7	1	6.092705e+01	0	3.823775e+02
38	1	8.395579e+00	NaN	NaN	2.692732e+02
38	2	7.471671e+00	NaN	NaN	2.732175e+02
38	3	1	3.605471e-01	3.797468e-01	2.679830e+02
38	4	1	7.471671e+00	2.531646e-02	2.726831e+02
38	5	1	2.616505e+00	2.531646e-01	2.713687e+02
38	6	1	6.649436e+00	7.594937e-02	2.728733e+02
38	7	1	1.299942e+00	3.291139e-01	2.715098e+02
39	1	3.027002e+01	NaN	NaN	2.693483e+02
39	2	2.693889e+01	NaN	NaN	2.694744e+02
39	3	1	1.191103e+01	1.772152e-01	2.681227e+02
39	4	1	1.338389e+01	1.518987e-01	2.685080e+02
39	5	1	2.133605e+01	7.594937e-02	2.686247e+02
39	6	1	1.898808e+01	1.012658e-01	2.686398e+02
39	7	1	1.689850e+01	1.265823e-01	2.683396e+02
40	1	1.503887e+01	NaN	NaN	1.775218e+02
40	2	1.338389e+01	NaN	NaN	1.774973e+02
40	3	1	1.123655e-01	3.037975e-01	1.603552e+02
40	4	1	1.791284e-01	3.037975e-01	1.574806e+02
40	5	1	3.208700e-01	2.784810e-01	1.597944e+02
40	6	1	1.418727e-01	3.037975e-01	1.573845e+02
40	7	1	2.541343e-01	2.784810e-01	1.599508e+02
41	1	6.092705e+01	NaN	NaN	3.502804e+02
41	2	5.422221e+01	NaN	NaN	3.505033e+02
41	3	1	1.299942e+00	5.822785e-01	3.487184e+02
41	4	1	4.051305e-01	6.329114e-01	3.487595e+02
41	5	1	1.299942e+00	5.822785e-01	3.485991e+02
41	6	1	1.460686e+00	6.075949e-01	3.484494e+02
41	7	1	7.471671e+00	5.569620e-01	3.485101e+02
42	1	3.712105e+00	NaN	NaN	2.492135e+02
42	2	2.940048e+00	NaN	NaN	2.497484e+02
42	3	1	2.616505e+00	7.594937e-02	2.486680e+02
42	4	1	2.328566e+00	5.063291e-02	2.497313e+02
42	5	1	2.616505e+00	2.531646e-02	2.497449e+02
42	6	1	2.616505e+00	5.063291e-02	2.494330e+02
42	7	1	2.940048e+00	2.531646e-02	2.496749e+02
43	1	7.471671e+00	NaN	NaN	2.618974e+02
43	2	7.471671e+00	NaN	NaN	2.631662e+02
43	3	1	7.471671e+00	0	2.624878e+02
43	4	1	8.395579e+00	0	2.631302e+02
43	5	1	7.471671e+00	0	2.630521e+02
43	6	1	7.471671e+00	0	2.630233e+02
43	7	1	7.471671e+00	0	2.630323e+02
44	1	3.401305e+01	NaN	NaN	2.148734e+02
44	2	3.401305e+01	NaN	NaN	2.198065e+02
44	3	1	3.401305e+01	0	2.152840e+02
44	4	1	3.401305e+01	0	2.196226e+02
44	5	1	3.027002e+01	2.531646e-02	2.196402e+02
44	6	1	3.401305e+01	0	2.196144e+02
44	7	1	2.693889e+01	5.063291e-02	2.199998e+02
45	1	2.133605e+01	NaN	NaN	3.269850e+02
45	2	2.133605e+01	NaN	NaN	3.265312e+02
45	3	1	2.012785e-01	4.810127e-01	3.180827e+02
45	4	1	1.123655e-01	4.556962e-01	3.175990e+02
45	5	1	2.855592e-01	4.556962e-01	3.185078e+02
45	6	1	2.261676e-01	4.810127e-01	3.173515e+02
45	7	1	1.262600e-01	4.810127e-01	3.184380e+02
46	1	5.917686e+00	NaN	NaN	3.625552e+02
46	2	4.171125e+00	NaN	NaN	3.565234e+02
46	3	1	1.262600e-01	8.101266e-01	3.540183e+02
46	4	1	1.123655e-01	5.569620e-01	3.446816e+02
46	5	1	1.594159e-01	5.822785e-01	3.441602e+02
46	6	1	1.000000e-01	5.822785e-01	3.441182e+02
46	7	1	1.791284e-01	6.329114e-01	3.442539e+02
47	1	3.821893e+01	NaN	NaN	3.691126e+02
47	2	3.027002e+01	NaN	NaN	3.687231e+02
47	3	1	1.791284e-01	6.835443e-01	3.580779e+02
47	4	1	1.594159e-01	6.835443e-01	3.539395e+02
47	5	1	2.855592e-01	7.341772e-01	3.583828e+02
47	6	1	3.208700e-01	6.329114e-01	3.538034e+02
47	7	1	1.791284e-01	6.835443e-01	3.582029e+02
48	1	2.072315e+00	NaN	NaN	2.659226e+02
48	2	1.844263e+00	NaN	NaN	2.655779e+02
48	3	1	1.418727e-01	3.291139e-01	2.652826e+02
48	4	1	8.154407e-01	2.278481e-01	2.652852e+02
48	5	1	7.257040e-01	2.531646e-01	2.652891e+02
48	6	1	1.029576e+00	2.025316e-01	2.653502e+02
48	7	1	6.458424e-01	2.531646e-01	2.654391e+02
49	1	2.693889e+01	NaN	NaN	3.466145e+02
49	2	2.693889e+01	NaN	NaN	3.454895e+02
49	3	1	1.594159e-01	7.848101e-01	3.204311e+02
49	4	1	1.123655e-01	7.848101e-01	3.236775e+02
49	5	1	1.123655e-01	8.607595e-01	3.218087e+02
49	6	1	1.000000e-01	8.860759e-01	3.231001e+02
49	7	1	1.000000e-01	9.113924e-01	3.211959e+02
50	1	1.460686e+00	NaN	NaN	2.236566e+02
50	2	1.460686e+00	NaN	NaN	2.245148e+02
50	3	1	7.257040e-01	1.012658e-01	2.224124e+02
50	4	1	1.156888e+00	2.531646e-02	2.240429e+02
50	5	1	4.552268e-01	1.265823e-01	2.228046e+02
50	6	1	1.156888e+00	2.531646e-02	2.243091e+02
50	7	1	2.012785e-01	1.518987e-01	2.229405e+02
51	1	6.649436e+00	NaN	NaN	2.540912e+02
51	2	5.266462e+00	NaN	NaN	2.548114e+02
51	3	1	1.262600e-01	5.822785e-01	1.984050e+02
51	4	1	1.262600e-01	5.063291e-01	2.052971e+02
51	5	1	1.418727e-01	5.316456e-01	2.125431e+02
51	6	1	1.000000e-01	4.810127e-01	2.160246e+02
51	7	1	2.012785e-01	5.063291e-01	2.222428e+02
52	1	2.133605e+01	NaN	NaN	3.472302e+02
52	2	2.133605e+01	NaN	NaN	3.477668e+02
52	3	1	2.133605e+01	0	3.469240e+02
52	4	1	7.471671e+00	3.037975e-01	3.476565e+02
52	5	1	1.503887e+01	1.012658e-01	3.475960e+02
52	6	1	1.338389e+01	1.518987e-01	3.475795e+02
52	7	1	2.133605e+01	0	3.478834e+02
53	1	2.072315e+00	NaN	NaN	1.603726e+02
53	2	1.156888e+00	NaN	NaN	1.464307e+02
53	3	1	1.000000e-01	3.544304e-01	1.315429e+02
53	4	1	2.541343e-01	2.025316e-01	1.372627e+02
53	5	1	1.262600e-01	2.278481e-01	1.358445e+02
53	6	1	1.262600e-01	2.025316e-01	1.368065e+02
53	7	1	1.418727e-01	2.025316e-01	1.363063e+02
54	1	8.899530e+02	NaN	NaN	3.584716e+02
54	2	7.048574e+02	NaN	NaN	3.586059e+02
54	3	1	3.501900e+02	4.810127e-01	3.580791e+02
54	4	1	3.934927e+02	1.898734e+00	3.580920e+02
54	5	1	4.421500e+02	2	3.580843e+02
54	6	1	3.116527e+02	1.898734e+00	3.580949e+02
54	7	1	3.116527e+02	1.392405e+00	3.581976e+02
55	1	4.171125e+00	NaN	NaN	2.261449e+02
55	2	1.029576e+00	NaN	NaN	2.313371e+02
55	3	1	3.712105e+00	2.531646e-02	2.256974e+02
55	4	1	6.458424e-01	1.265823e-01	2.301330e+02
55	5	1	1.299942e+00	0	2.312755e+02
55	6	1	1.791284e-01	1.772152e-01	2.302305e+02
55	7	1	1.156888e+00	2.531646e-02	2.315579e+02
56	1	5.115178e-01	NaN	NaN	1.833403e+02
56	2	1.262600e-01	NaN	NaN	2.379949e+02
56	3	1	1.418727e-01	2.278481e-01	1.785277e+02
56	4	1	1.123655e-01	0	2.277391e+02
56	5	1	1.262600e-01	2.531646e-02	2.277347e+02
56	6	1	1.123655e-01	0	2.380650e+02
56	7	1	1.000000e-01	0	2.378123e+02
57	1	1000	NaN	NaN	3.834256e+02
57	2	7.048574e+02	NaN	NaN	3.834944e+02
57	3	1	5.582586e+02	1.316456e+00	3.830517e+02
57	4	1	8.899530e+02	1.164557e+00	3.830807e+02
57	5	1	1.594159e-01	2	3.780589e+02
57	6	1	1000	1.443038e+00	3.831567e+02
57	7	1	1.123655e-01	2	3.814833e+02
58	1	2.940048e+00	NaN	NaN	2.885850e+02
58	2	2.072315e+00	NaN	NaN	2.903351e+02
58	3	1	6.458424e-01	2.025316e-01	2.884121e+02
58	4	1	1.123655e-01	2.025316e-01	2.865625e+02
58	5	1	6.458424e-01	1.012658e-01	2.900678e+02
58	6	1	1.418727e-01	2.025316e-01	2.867341e+02
58	7	1	1.844263e+00	0	2.898629e+02
59	1	4.171125e+00	NaN	NaN	2.026573e+02
59	2	3.712105e+00	NaN	NaN	1.999354e+02
59	3	1	1.123655e-01	2.278481e-01	1.849494e+02
59	4	1	1.791284e-01	2.278481e-01	1.863649e+02
59	5	1	1.123655e-01	2.278481e-01	1.864076e+02
59	6	1	1.123655e-01	2.278481e-01	1.863654e+02
59	7	1	1.262600e-01	2.278481e-01	1.862036e+02
60	1	1.460686e+00	NaN	NaN	1.543716e+02
60	2	1.299942e+00	NaN	NaN	1.580024e+02
60	3	1	1.460686e+00	0	1.545028e+02
60	4	1	2.261676e-01	1.265823e-01	1.563957e+02
60	5	1	2.541343e-01	1.265823e-01	1.573239e+02
60	6	1	1.000000e-01	1.518987e-01	1.564226e+02
60	7	1	4.552268e-01	1.012658e-01	1.573180e+02
