subID	modeli	name	Mp	wp	scl	nll	nllsd	success	iterations
1	1	McFadden	0.513490334	NaN	NaN	104.3101728	0.030393134	2	18
1	2	LinearDistrb	0.326935584	NaN	0.762531562	98.96542413	0.032635246	1	21
1	3	DN	0.516213679	2.37E-07	NaN	104.3227404	0.036382162	1	23
1	4	dDNb	0.322760968	0	0.730336803	99.01907584	0.037350286	2	24
1	5	dDNd	0.325192214	0	0.769793133	98.99341527	0.037907259	1	19
2	1	McFadden	0.210445592	NaN	NaN	40.3964397	0.016787765	1	18
2	2	LinearDistrb	0.208246231	NaN	0.032849884	40.39654008	0.020698661	2	20
2	3	DN	0.211668787	0	NaN	40.39308648	0.026319487	1	17
2	4	dDNb	0.21071953	0	0.013717963	40.41098844	0.028226317	1	21
2	5	dDNd	0.211908969	0	3.61E-05	40.39505946	0.019155979	1	28
3	1	McFadden	0.185335431	NaN	NaN	15.90914766	0.009192087	1	19
3	2	LinearDistrb	0.000724792	NaN	0.653694153	14.94958345	0.008453774	2	12
3	3	DN	0.185327331	4.97E-07	NaN	15.90560016	0.007496963	1	19
3	4	dDNb	0.002990723	0	0.658953857	14.9594122	0.00799023	1	19
3	5	dDNd	0.00015831	0	0.644623566	14.94949057	0.0082966	2	19
4	1	McFadden	0.785857797	NaN	NaN	185.6282166	0.023380075	2	17
4	2	LinearDistrb	0.703014024	NaN	0.350599158	185.00439	0.025923756	1	29
4	3	DN	0.871363837	0	NaN	185.6937463	0.021356465	1	22
4	4	dDNb	0.721145036	2.14E-05	0.3192945	184.9999414	0.02376972	1	22
4	5	dDNd	0.723503411	0	0.33593843	185.0216799	0.021824803	2	30
5	1	McFadden	0.284037223	NaN	NaN	53.43361748	0.017294665	1	20
5	2	LinearDistrb	0.209241264	NaN	0.798148194	51.33527667	0.016826849	2	21
5	3	DN	0.283200411	0	NaN	53.4351015	0.023757022	1	18
5	4	dDNb	0.205224991	0	0.78727417	51.33908469	0.017271282	2	19
5	5	dDNd	0.20583573	0	0.795414191	51.33899512	0.017012667	2	18
6	1	McFadden	0.398987703	NaN	NaN	140.2812803	0.019715565	2	20
6	2	LinearDistrb	0.408972299	NaN	0.009940468	140.2751005	0.022360946	1	21
6	3	DN	0.401075528	0.000538318	NaN	140.2833704	0.031473464	1	22
6	4	dDNb	0.399417479	0.000344567	0.050921172	140.3095883	0.024113551	2	26
6	5	dDNd	0.402927399	0	0.081735611	140.2947743	0.026969388	1	28
7	1	McFadden	0.333600038	NaN	NaN	112.9997672	0.021867383	1	20
7	2	LinearDistrb	1.67E-05	NaN	0.868699169	95.87840665	0.014974526	2	16
7	3	DN	0.334465122	1.22E-05	NaN	113.0202453	0.023764686	1	28
7	4	dDNb	4.62E-07	0.001185931	0.748763053	95.68307455	0.016607949	2	19
7	5	dDNd	1.96E-06	0.001894585	0.759601808	95.83802502	0.017667462	1	22
8	1	McFadden	0.857438177	NaN	NaN	138.9163503	0.022451915	2	18
8	2	LinearDistrb	0.768049002	NaN	0.934078979	137.411709	0.021761231	2	23
8	3	DN	3.09E-11	0.132137438	NaN	130.7863466	0.024988869	1	25
8	4	dDNb	4.89E-06	0.131962466	0.133457828	130.7564716	0.032856558	2	17
8	5	dDNd	9.31E-08	0.132275125	0.152716564	130.7754112	0.026861077	2	33
9	1	McFadden	0.449229625	NaN	NaN	104.5983905	0.020986744	1	24
9	2	LinearDistrb	0.453155518	NaN	4.88E-05	104.6259599	0.020932259	2	13
9	3	DN	0.45072084	0	NaN	104.6089671	0.016420161	1	19
9	4	dDNb	0.447382264	0	1.19E-08	104.6378933	0.017119933	2	20
9	5	dDNd	0.450662647	0	0.000309056	104.6139851	0.013049355	1	31
10	1	McFadden	0.53361988	NaN	NaN	150.2100686	0.022184535	1	20
10	2	LinearDistrb	0.535056357	NaN	9.07E-06	150.17085	0.017755927	1	22
10	3	DN	0.538647175	0	NaN	150.1819299	0.022026695	2	18
10	4	dDNb	0.537336078	0	0.022139793	150.1499512	0.021833214	2	25
10	5	dDNd	0.53543305	0	0.002391406	150.1489821	0.020490314	1	19
11	1	McFadden	0.136016928	NaN	NaN	159.7807077	0.021274385	1	20
11	2	LinearDistrb	4.89E-06	NaN	1.025184178	155.0462795	0.023890981	2	22
11	3	DN	0.131393433	0	NaN	159.7220045	0.025349306	2	23
11	4	dDNb	0.00015831	0	1.020410919	155.0686444	0.022596474	2	17
11	5	dDNd	0.000188828	0	1.035422933	155.0674739	0.017889597	1	38
12	1	McFadden	0.4537118	NaN	NaN	162.83605	0.024850818	1	21
12	2	LinearDistrb	0.326306262	NaN	1.237496979	157.1848063	0.04036479	1	32
12	3	DN	0.46367085	0	NaN	162.8305695	0.019871242	2	19
12	4	dDNb	1.94E-06	0.026377606	1.090955698	156.6620503	0.049393934	1	21
12	5	dDNd	0.002990723	0.027130127	1.071820068	156.7317374	0.05084484	1	21
13	1	McFadden	0.465090719	NaN	NaN	162.8555739	0.019198463	1	25
13	2	LinearDistrb	0.124574295	NaN	2.526035253	158.7160219	0.016854986	1	18
13	3	DN	0.564563751	0	NaN	161.9948222	0.0201447	2	23
13	4	dDNb	0.184931888	0.000940034	2.3569246	158.750942	0.015480737	2	16
13	5	dDNd	0.137246122	0.000178143	2.536122749	158.674101	0.023659299	1	24
14	1	McFadden	2.354973679	NaN	NaN	265.7955412	0.02560209	2	22
14	2	LinearDistrb	2.385993958	NaN	7.63E-07	265.7906777	0.031315063	2	16
14	3	DN	2.559526443	0	NaN	265.8117222	0.032205874	2	11
14	4	dDNb	2.544467449	0.000174904	1.19E-07	265.8247133	0.026327405	2	17
14	5	dDNd	2.343703553	0	5.20E-07	265.8686573	0.033328378	2	21
15	1	McFadden	0.686599433	NaN	NaN	153.4959459	0.021635317	2	21
15	2	LinearDistrb	0.700628728	NaN	0.095666629	153.4674096	0.023853073	2	18
15	3	DN	4.89E-06	0.089937139	NaN	152.3115691	0.024035075	1	22
15	4	dDNb	0.000724792	0.088931274	7.63E-06	152.3306118	0.024147391	2	21
15	5	dDNd	0.001898377	0.089642059	3.43E-06	152.2964134	0.022517483	2	22
16	1	McFadden	1.058571693	NaN	NaN	106.3101138	0.017730082	2	13
16	2	LinearDistrb	0.714645845	NaN	1.150571056	104.1531464	0.021250958	1	27
16	3	DN	1.083405703	0	NaN	106.3056856	0.018772356	2	22
16	4	dDNb	3.09E-11	0.087576312	1.075126985	103.7750042	0.019843044	1	26
16	5	dDNd	0.133949611	0.075419653	1.057978046	103.984002	0.025514389	1	23
17	1	McFadden	5.350585938	NaN	NaN	261.5221656	0.02754681	1	20
17	2	LinearDistrb	2.270809174	NaN	0.157040024	255.0811419	0.027618291	1	23
17	3	DN	0.009033203	0.249511719	NaN	253.5771306	0.024507282	2	11
17	4	dDNb	5.71E-06	0.244137032	2.87E-05	253.6023885	0.023989285	1	22
17	5	dDNd	0.000591117	0.247124015	0.276681993	253.5584449	0.025525065	1	26
18	1	McFadden	3.3203125	NaN	NaN	244.4150316	0.031985407	2	13
18	2	LinearDistrb	0.000724792	NaN	2.793144226	203.6080258	0.02358592	2	14
18	3	DN	4.89E-06	0.183141708	NaN	213.5899219	0.021313129	1	22
18	4	dDNb	9.31E-08	0.001954048	2.366447499	201.2299276	0.026596519	2	23
18	5	dDNd	0.004483077	0.005921716	2.366007629	201.5397736	0.027121512	1	34
19	1	McFadden	0.541081049	NaN	NaN	115.0774853	0.018156472	1	21
19	2	LinearDistrb	0.539411866	NaN	9.06E-07	115.0761815	0.021627665	1	23
19	3	DN	0.540929034	0	NaN	115.0946694	0.021964773	1	19
19	4	dDNb	0.549079895	0	7.63E-06	115.07617	0.01715017	2	14
19	5	dDNd	0.539193373	0	0.126165919	115.0830816	0.018877408	1	25
20	1	McFadden	0.55195993	NaN	NaN	83.57791014	0.015899499	2	21
20	2	LinearDistrb	0.001137853	NaN	1.6913728	69.32762908	0.013633659	2	20
20	3	DN	0.551841448	9.73E-05	NaN	83.609794	0.016826955	1	24
20	4	dDNb	4.62E-07	0	1.741085693	69.34046861	0.010668567	2	19
20	5	dDNd	0.000884116	0	1.707695597	69.34123848	0.013554657	1	29
21	1	McFadden	3.416992188	NaN	NaN	248.8008672	0.026036799	2	13
21	2	LinearDistrb	0.85601902	NaN	7.63E-07	219.1760915	0.026373428	2	22
21	3	DN	0.852730028	0.005786598	NaN	219.2637584	0.031453609	2	11
21	4	dDNb	0.842895508	0	4.88E-05	219.1538355	0.023737167	2	16
21	5	dDNd	0.846070591	0	0.08625157	219.1732147	0.032212727	1	36
22	1	McFadden	1.710746765	NaN	NaN	224.974664	0.014896794	2	9
22	2	LinearDistrb	0.35282621	NaN	3.428199044	191.7439616	0.021334086	1	26
22	3	DN	1.94E-06	0.101353496	NaN	197.4878475	0.021990758	2	11
22	4	dDNb	0.291318432	0.010475218	3.441460263	191.6626427	0.026365541	1	22
22	5	dDNd	0.261147902	0.016560089	3.178327025	191.6814732	0.029342428	1	19
23	1	McFadden	0.495535589	NaN	NaN	130.3521826	0.023213357	1	23
23	2	LinearDistrb	0.495386972	NaN	2.91E-11	130.3670424	0.017989703	1	25
23	3	DN	0.494488465	0	NaN	130.350905	0.025075875	1	19
23	4	dDNb	0.497844924	0	2.91E-12	130.3586364	0.021517372	1	25
23	5	dDNd	0.497718811	0	0.056568336	130.3535407	0.02627984	2	22
24	1	McFadden	0.980539373	NaN	NaN	179.8204254	0.022180851	2	22
24	2	LinearDistrb	0.970232375	NaN	0.095087855	179.7352173	0.023195219	1	18
24	3	DN	0.940738402	0.001032327	NaN	179.8132995	0.031256702	2	19
24	4	dDNb	0.963347178	0	1.86E-09	179.8223279	0.026385123	1	23
24	5	dDNd	0.975074768	0	0.154609299	179.8036895	0.024030512	2	15
25	1	McFadden	0.671756773	NaN	NaN	165.1245075	0.027172719	1	20
25	2	LinearDistrb	0.648429076	NaN	1.86E-10	165.0285209	0.021780346	1	19
25	3	DN	0.660535336	0	NaN	165.028933	0.020172338	2	22
25	4	dDNb	0.64896965	0	7.63E-07	165.0415811	0.023790761	2	19
25	5	dDNd	0.640850067	0	0.204292393	165.0541536	0.026293662	2	19
26	1	McFadden	3.610351563	NaN	NaN	228.0460231	0.022131931	2	13
26	2	LinearDistrb	1.373196566	NaN	0.283176354	205.1427404	0.023972124	1	19
26	3	DN	1.67E-05	0.127992249	NaN	203.1679241	0.032451266	2	18
26	4	dDNb	0.00015831	0.129714584	7.63E-07	203.2164547	0.035959914	2	23
26	5	dDNd	4.89E-06	0.127815509	1.19E-07	203.1624627	0.025495976	2	19
27	1	McFadden	0.155084803	NaN	NaN	88.92729984	0.02850334	1	21
27	2	LinearDistrb	0.163673349	NaN	1.86E-09	88.8870206	0.028249113	1	19
27	3	DN	9.31E-08	0.018724623	NaN	87.01253702	0.022311281	1	19
27	4	dDNb	4.89E-06	0.018710709	1.19E-07	87.02141229	0.032052824	2	18
27	5	dDNd	9.31E-10	0.018143993	0.020689131	86.95566708	0.029390618	2	26
28	1	McFadden	0.398859355	NaN	NaN	127.3853424	0.016337019	2	22
28	2	LinearDistrb	0.299573839	NaN	0.790112698	126.3465422	0.019542401	2	21
28	3	DN	0.000724792	0.036444092	NaN	126.2697047	0.016663518	1	24
28	4	dDNb	9.01E-07	0.031064895	0.464025261	125.7392223	0.026077983	1	27
28	5	dDNd	0.000724792	0.031498718	0.431509399	125.7364147	0.01592355	2	16
29	1	McFadden	0.547227479	NaN	NaN	126.0424861	0.023593523	1	21
29	2	LinearDistrb	0.538871408	NaN	1.19E-07	126.0319527	0.023404913	2	11
29	3	DN	0.375662222	0.017246004	NaN	125.9075023	0.023504144	1	19
29	4	dDNb	0.544548205	0	2.68E-06	126.0468014	0.026630742	1	22
29	5	dDNd	0.293549061	0.026130772	0.039492321	125.9748814	0.024073939	2	15
30	1	McFadden	0.579182886	NaN	NaN	104.3601011	0.018832985	1	23
30	2	LinearDistrb	0.574262959	NaN	0.026331681	104.3235267	0.022036453	1	24
30	3	DN	1.86E-05	0.067391894	NaN	103.0489596	0.025097718	1	22
30	4	dDNb	1.67E-05	0.067779255	0.091452503	103.042764	0.022047857	2	15
30	5	dDNd	4.89E-06	0.068035936	0.109413218	103.0316789	0.018569153	2	19
31	1	McFadden	0.315861344	NaN	NaN	143.7850914	0.016108361	1	21
31	2	LinearDistrb	0.235425591	NaN	1.428769302	142.0918925	0.023259288	2	14
31	3	DN	0.071028927	0.027404997	NaN	143.6771914	0.018988062	1	21
31	4	dDNb	9.31E-10	0.024624286	1.168495688	141.8717116	0.028910196	1	20
31	5	dDNd	0.01261634	0.023659233	1.155793987	141.889706	0.021263398	2	25
32	1	McFadden	4.755590439	NaN	NaN	249.9208771	0.030315986	2	14
32	2	LinearDistrb	0.637082481	NaN	1.346909165	199.1278369	0.028387188	1	23
32	3	DN	0.705228448	0	NaN	199.999188	0.028871609	2	17
32	4	dDNb	0.033388762	0.062799307	1.624944218	198.472253	0.025242142	1	29
32	5	dDNd	1.94E-06	0.065192163	1.699594629	198.4509789	0.026254057	2	18
33	1	McFadden	1.293473363	NaN	NaN	223.3029941	0.032305047	2	16
33	2	LinearDistrb	1.083569821	NaN	2.324681827	221.5799202	0.024467374	2	11
33	3	DN	1.271945182	0	NaN	223.2828712	0.03291526	2	11
33	4	dDNb	1.096904715	4.20E-09	2.09591277	221.6886236	0.027005709	1	23
33	5	dDNd	1.071732477	0	2.31826083	221.6024294	0.035490888	2	21
34	1	McFadden	0.589618802	NaN	NaN	151.9104143	0.023876956	2	20
34	2	LinearDistrb	0.520028902	NaN	0.467071907	150.1583167	0.019780429	2	21
34	3	DN	0.000724792	0.061224365	NaN	150.8047958	0.021885044	2	11
34	4	dDNb	0.099859238	0.044826126	0.419970322	150.0035796	0.021268619	1	34
34	5	dDNd	0.291025521	0.023304201	0.464352438	150.0213955	0.019727441	1	25
35	1	McFadden	0.338060312	NaN	NaN	111.2779839	0.017478163	2	22
35	2	LinearDistrb	0.341127338	NaN	0.075407688	111.3052059	0.01899228	1	25
35	3	DN	1.67E-05	0.031089497	NaN	110.6684387	0.020148842	2	16
35	4	dDNb	1.94E-06	0.03196193	1.19E-08	110.6647705	0.021975785	2	24
35	5	dDNd	9.31E-10	0.031236086	1.86E-10	110.6647906	0.016252313	1	20
36	1	McFadden	0.829866409	NaN	NaN	153.1674944	0.050751712	1	24
36	2	LinearDistrb	0.795054156	NaN	0.188419015	152.7983361	0.074815643	1	25
36	3	DN	4.62E-07	0.077811579	NaN	150.8718808	0.112157058	1	18
36	4	dDNb	1.67E-05	0.080011177	7.63E-07	151.162111	0.082806506	1	28
36	5	dDNd	0.039741278	0.073144031	0.277781057	151.1544842	0.110618491	1	29
37	1	McFadden	0.393961042	NaN	NaN	93.0446478	0.016364516	1	23
37	2	LinearDistrb	0.396639675	NaN	1.86E-06	93.02791107	0.017347982	1	20
37	3	DN	0.2990982	0.009458066	NaN	93.04144001	0.018103609	1	23
37	4	dDNb	0.390565835	0	1.86E-10	93.03115445	0.016835468	2	20
37	5	dDNd	0.394875675	0	0.005951673	93.03516502	0.01979102	1	31
38	1	McFadden	4.516723633	NaN	NaN	251.0765592	0.023754553	2	10
38	2	LinearDistrb	0.428641364	NaN	0.175071575	182.3778801	0.049063839	1	27
38	3	DN	0.434278483	0	NaN	182.3523281	0.054653518	2	22
38	4	dDNb	0.456176758	0	0.001367188	182.4375132	0.040874963	1	21
38	5	dDNd	0.42181015	0	0.118642807	182.3073107	0.04800608	2	28
39	1	McFadden	0.623983566	NaN	NaN	112.6985073	0.019809213	2	23
39	2	LinearDistrb	0.625698468	NaN	0.003178075	112.6776604	0.018074025	1	22
39	3	DN	1.67E-05	0.100585747	NaN	112.4017084	0.022414102	2	16
39	4	dDNb	0.000724792	0.100627136	7.63E-06	112.4433288	0.019593014	2	14
39	5	dDNd	4.89E-06	0.100296021	0.040165234	112.4376329	0.021930895	2	22
40	1	McFadden	1.066885829	NaN	NaN	153.4055279	0.028205984	1	18
40	2	LinearDistrb	0.837608337	NaN	1.664495778	149.9732043	0.052775248	2	17
40	3	DN	1.077419281	0	NaN	153.4019356	0.028508479	1	22
40	4	dDNb	0.834335067	0	1.743323934	150.0414381	0.065875296	1	27
40	5	dDNd	0.84044075	0	1.88716011	150.0535566	0.061621055	2	23
41	1	McFadden	0.454488052	NaN	NaN	110.9515209	0.021831094	2	22
41	2	LinearDistrb	0.451164586	NaN	0.002499909	110.9426588	0.015836541	1	23
41	3	DN	0.452982595	5.32E-06	NaN	110.9356799	0.022026166	1	19
41	4	dDNb	0.456176758	0	0.056298828	110.9774123	0.019691743	2	15
41	5	dDNd	0.454820275	0	0.016144128	110.9556261	0.016766946	1	22
42	1	McFadden	0.976668	NaN	NaN	187.6703251	0.02149164	2	17
42	2	LinearDistrb	4.89E-06	NaN	2.084650517	176.1873248	0.024803715	2	16
42	3	DN	0.985462562	4.30E-07	NaN	187.6405485	0.022966225	1	21
42	4	dDNb	0.047288019	0.00016559	2.079449818	176.170919	0.023785053	1	29
42	5	dDNd	0.010708155	1.36E-08	2.151272878	176.1857458	0.022172938	1	21
43	1	McFadden	0.481794419	NaN	NaN	124.2994293	0.042037547	1	20
43	2	LinearDistrb	0.449818751	NaN	0.611834724	123.8163759	0.035764835	1	25
43	3	DN	0.477118033	0	NaN	124.3202002	0.042400321	1	21
43	4	dDNb	0.457215309	0	0.647988987	123.8579545	0.039334592	2	23
43	5	dDNd	0.450177635	0	0.579763141	123.8470439	0.034559155	1	34
44	1	McFadden	1.851041356	NaN	NaN	263.072871	0.03013759	2	16
44	2	LinearDistrb	0.088907242	NaN	3.999999881	232.4591035	0.028891736	2	17
44	3	DN	9.31E-10	0.389409453	NaN	260.5312799	0.029162281	2	19
44	4	dDNb	0.014502632	0.015429531	3.999207944	231.3098197	0.02811269	1	24
44	5	dDNd	0.025280672	0.014666474	3.999905009	231.4376975	0.027617062	1	32
45	1	McFadden	14.57587117	NaN	NaN	274.0154315	0.029897196	1	25
45	2	LinearDistrb	15.59076249	NaN	2.056399599	274.0292631	0.027418969	2	25
45	3	DN	0.000523518	1.574655786	NaN	273.9403499	0.031562197	2	20
45	4	dDNb	0.005106548	1.410649064	3.999983987	273.9589661	0.027436577	2	14
45	5	dDNd	0.00015831	1.441229248	1.880767441	273.9999309	0.027966153	1	20
46	1	McFadden	0.716457811	NaN	NaN	220.124385	0.032718145	1	19
46	2	LinearDistrb	0.642034296	NaN	0.87320669	219.7745383	0.03127525	1	25
46	3	DN	0.705988602	0	NaN	220.098552	0.025376562	1	27
46	4	dDNb	0.658599854	0	0.84427948	219.7853211	0.028746206	2	14
46	5	dDNd	0.660110474	0	0.657209778	219.7905484	0.037962743	2	14
47	1	McFadden	0.221883856	NaN	NaN	143.1915968	0.014228469	2	22
47	2	LinearDistrb	0.22419456	NaN	3.05E-06	143.2159847	0.02125625	1	33
47	3	DN	0.062202178	0.017254107	NaN	143.1425248	0.020160683	1	27
47	4	dDNb	0.002990723	0.023413086	4.88E-05	143.130356	0.020651341	2	26
47	5	dDNd	0.02843523	0.020874476	1.19E-07	143.1327762	0.021483808	1	21
48	1	McFadden	6.099853516	NaN	NaN	263.7084449	0.027792723	2	10
48	2	LinearDistrb	0.389851093	NaN	1.170574284	207.4613822	0.023466949	2	17
48	3	DN	4.89E-06	0.197593141	NaN	202.4255009	0.021828237	2	11
48	4	dDNb	4.70E-08	0.195229494	2.91E-12	202.3990537	0.023753452	1	24
48	5	dDNd	2.11E-10	0.19160957	0.506633169	202.3416956	0.028150895	1	31
49	1	McFadden	0.383549609	NaN	NaN	73.14320538	0.018400674	1	19
49	2	LinearDistrb	0.379773162	NaN	1.19E-08	73.13966493	0.015176753	2	18
49	3	DN	1.67E-05	0.038376045	NaN	71.62036504	0.015101543	2	18
49	4	dDNb	9.31E-10	0.037730218	1.86E-10	71.62072139	0.018167311	1	28
49	5	dDNd	0.000724792	0.037480164	7.63E-06	71.62624693	0.013586088	2	18
50	1	McFadden	4.40772295	NaN	NaN	251.9103892	0.026246421	2	13
50	2	LinearDistrb	0.872918576	NaN	1.86E-10	218.276492	0.024575276	2	20
50	3	DN	0.000724792	0.144003296	NaN	216.840627	0.025711262	2	11
50	4	dDNb	1.67E-05	0.145339108	7.63E-07	216.8711289	0.021477342	2	27
50	5	dDNd	0.00015831	0.143172836	7.63E-07	216.847487	0.022706498	1	19
51	1	McFadden	1.97244027	NaN	NaN	190.6178765	0.029336071	1	20
51	2	LinearDistrb	2.010227203	NaN	7.63E-07	190.6166306	0.021016679	2	11
51	3	DN	1.97929709	2.91E-05	NaN	190.6180268	0.030203147	1	18
51	4	dDNb	2.007583618	0	7.63E-06	190.5864875	0.037349795	1	24
51	5	dDNd	2.021238208	0	0.007031369	190.6346978	0.028140412	2	17
52	1	McFadden	0.789554696	NaN	NaN	191.9673563	0.021884111	1	20
52	2	LinearDistrb	0.768447863	NaN	1.86E-09	191.9382126	0.025521077	1	20
52	3	DN	0.017102455	0.101980297	NaN	191.2594737	0.030368116	1	22
52	4	dDNb	0.000232345	0.100404237	5.79E-07	191.271843	0.031822153	1	21
52	5	dDNd	1.94E-06	0.102729654	1.19E-08	191.2443689	0.030027165	2	24
53	1	McFadden	0.082423097	NaN	NaN	65.59158843	0.015863	1	23
53	2	LinearDistrb	0.081879318	NaN	0.019219917	65.56898278	0.016534805	2	23
53	3	DN	0.081916322	0	NaN	65.59503542	0.015439268	1	17
53	4	dDNb	0.08265233	0	0.029593897	65.59847819	0.014387233	1	25
53	5	dDNd	0.083124399	0	0.038739586	65.58332547	0.015051382	2	22
54	1	McFadden	0.425282875	NaN	NaN	82.28944232	0.016023913	1	19
54	2	LinearDistrb	0.344907886	NaN	0.594715538	81.40161141	0.01704155	2	27
54	3	DN	0.429425947	0	NaN	82.29835456	0.013432737	2	23
54	4	dDNb	0.339626053	0	0.603753278	81.40238411	0.016854428	1	20
54	5	dDNd	0.1289691	0.021804943	0.577651987	81.4024572	0.020187774	1	28
55	1	McFadden	1.212537169	NaN	NaN	192.5949578	0.02438555	2	9
55	2	LinearDistrb	1.180158423	NaN	6.33E-07	192.5869772	0.030295943	1	21
55	3	DN	9.31E-10	0.122004169	NaN	189.5393833	0.023335416	1	22
55	4	dDNb	0.000418053	0.121728849	2.97E-05	189.575194	0.029180476	1	21
55	5	dDNd	0.00015831	0.12383194	7.63E-07	189.598754	0.037884116	2	17
56	1	McFadden	5.056203842	NaN	NaN	263.2539493	0.030670538	2	14
56	2	LinearDistrb	0.541526794	NaN	7.63E-07	224.7124127	0.030761384	2	27
56	3	DN	1.67E-05	0.120940685	NaN	224.1626343	0.026001357	2	18
56	4	dDNb	1.67E-05	0.12230854	7.63E-07	224.1063364	0.024682942	2	23
56	5	dDNd	0.000271348	0.123111627	0.058139169	224.1067598	0.0268575	1	24
57	1	McFadden	0.374920777	NaN	NaN	133.2709383	0.056637019	2	20
57	2	LinearDistrb	0.343635559	NaN	0.960350037	133.1795711	0.029980828	1	20
57	3	DN	0.384704264	0	NaN	133.3397909	0.05256414	2	21
57	4	dDNb	0.322392464	0.0004426	0.9266366	133.1296734	0.038545576	2	15
57	5	dDNd	0.312195778	0	1.150809193	133.1405575	0.039022026	2	16
58	1	McFadden	1.072642742	NaN	NaN	142.1857292	0.022585511	1	23
58	2	LinearDistrb	0.81702094	NaN	1.354863842	141.3885191	0.027077802	1	30
58	3	DN	1.061156511	0	NaN	142.144624	0.020515553	2	19
58	4	dDNb	0.858855761	0	1.197881363	141.3543952	0.018298969	2	30
58	5	dDNd	0.909623415	0	1.083121267	141.3752514	0.02075561	1	24
59	1	McFadden	0.450596573	NaN	NaN	152.9212088	0.020582843	2	19
59	2	LinearDistrb	0.271673179	NaN	1.523340249	150.3097803	0.024402353	1	32
59	3	DN	0.027090607	0.064118438	NaN	152.5409761	0.020194166	2	20
59	4	dDNb	0.225540834	0.010860388	1.388756509	150.3118677	0.018209103	2	21
59	5	dDNd	0.271994914	0	1.4996442	150.3133818	0.020454194	2	22
60	1	McFadden	0.398206711	NaN	NaN	104.6393565	0.021675785	2	16
60	2	LinearDistrb	0.400661469	NaN	7.63E-07	104.6560692	0.019834532	2	16
60	3	DN	4.89E-06	0.045141721	NaN	102.2014914	0.023527816	2	17
60	4	dDNb	1.94E-06	0.046232325	1.19E-08	102.1754821	0.018090151	1	27
60	5	dDNd	3.09E-11	0.045422107	2.91E-12	102.1763222	0.016294889	1	20
61	1	McFadden	0.659503625	NaN	NaN	156.7981503	0.03804474	2	19
61	2	LinearDistrb	0.657856345	NaN	0.687124348	156.7856814	0.028596673	2	20
61	3	DN	0.675147343	0	NaN	156.8264449	0.03042404	1	18
61	4	dDNb	0.673375607	0	0.014199734	156.8282899	0.042703656	1	26
61	5	dDNd	0.666427344	0	0.523389113	156.7475962	0.033872928	2	18
62	1	McFadden	0.398244983	NaN	NaN	114.2226372	0.020368169	1	19
62	2	LinearDistrb	0.173627039	NaN	1.228617132	111.3797651	0.018717607	1	20
62	3	DN	0.410544805	0	NaN	114.236418	0.01836662	1	20
62	4	dDNb	0.163601127	0	1.25585908	111.3744874	0.019874177	1	25
62	5	dDNd	0.18377601	0	1.205534767	111.3666505	0.018352404	1	20
63	1	McFadden	0.722494644	NaN	NaN	126.1412091	0.024708465	1	22
63	2	LinearDistrb	0.726686925	NaN	0.040044481	126.1371097	0.022923422	2	17
63	3	DN	0.732809067	0	NaN	126.1474006	0.01916055	2	16
63	4	dDNb	0.719148624	0	0.000105462	126.1702494	0.022139009	1	22
63	5	dDNd	0.73351717	0	1.19E-07	126.15813	0.022166527	2	18
64	1	McFadden	1.484795172	NaN	NaN	226.2829505	0.023679303	1	21
64	2	LinearDistrb	1.230101079	NaN	3.999999988	212.1973097	0.025562236	2	19
64	3	DN	1.417511783	0	NaN	226.3753768	0.033903303	1	21
64	4	dDNb	1.307436581	0	4	210.5086711	0.024361525	2	27
64	5	dDNd	1.224984841	0	3.999999394	212.1903808	0.024917876	1	23
65	1	McFadden	0.98958825	NaN	NaN	166.6558224	0.021349433	1	22
65	2	LinearDistrb	0.917093409	NaN	1.05416876	166.0732906	0.031862145	1	28
65	3	DN	0.197303271	0.081060344	NaN	166.3499374	0.016521189	2	26
65	4	dDNb	4.89E-06	0.071619964	1.724127936	164.3098818	0.025341254	2	15
65	5	dDNd	8.41E-12	0.070938019	1.778145658	164.3067647	0.024932984	1	25
66	1	McFadden	0.715848543	NaN	NaN	141.8822336	0.027789483	2	14
66	2	LinearDistrb	0.722990036	NaN	0.203258133	141.8179852	0.027304096	2	15
66	3	DN	1.67E-05	0.074585152	NaN	141.527568	0.024309618	2	18
66	4	dDNb	3.09E-11	0.065193684	0.630545825	140.9902161	0.030652125	2	22
66	5	dDNd	4.89E-06	0.066683269	0.552493334	140.9849518	0.023889314	2	19
67	1	McFadden	0.250623859	NaN	NaN	71.42496329	0.044454875	1	19
67	2	LinearDistrb	0.162306169	NaN	0.772822105	68.42033265	0.036556102	2	31
67	3	DN	0.0422497	0.116255039	NaN	58.62645626	0.017489774	2	20
67	4	dDNb	0.04648006	0.113231105	1.19E-08	58.62276842	0.018521022	2	27
67	5	dDNd	0.042398233	0.114285089	2.91E-12	58.61759314	0.020333349	1	22
68	1	McFadden	1.361526689	NaN	NaN	203.339482	0.03194549	2	18
68	2	LinearDistrb	1.345932007	NaN	7.63E-06	203.2727956	0.025207796	2	17
68	3	DN	1.317539098	0	NaN	203.3019028	0.033835934	1	19
68	4	dDNb	1.344024156	0	1.37E-05	203.2543147	0.031717135	2	22
68	5	dDNd	1.364059448	0	7.63E-06	203.3221658	0.031516871	2	14
69	1	McFadden	0.3756551	NaN	NaN	95.07237374	0.019408774	2	20
69	2	LinearDistrb	0.161140321	NaN	1.084752564	91.30673431	0.017167807	1	24
69	3	DN	0.383789638	0	NaN	95.09929488	0.0223374	1	18
69	4	dDNb	0.169536591	0	1.068112183	91.29933194	0.021529402	2	15
69	5	dDNd	0.163862179	1.07E-05	1.050689707	91.30895001	0.01994513	1	28
70	1	McFadden	0.477699307	NaN	NaN	164.4361318	0.023924411	1	21
70	2	LinearDistrb	0.422231497	NaN	0.663224222	164.2488848	0.020959123	2	22
70	3	DN	0.486319332	0	NaN	164.4290248	0.022238165	1	16
70	4	dDNb	0.434314072	0	0.553724481	164.1868772	0.0273853	1	23
70	5	dDNd	0.429929733	0.000937271	0.561433029	164.2147621	0.027678342	2	15
71	1	McFadden	0.555314661	NaN	NaN	189.1371497	0.023624242	1	22
71	2	LinearDistrb	1.67E-05	NaN	2.006492233	174.6152681	0.028097258	2	18
71	3	DN	0.560006075	0	NaN	189.0815263	0.025660555	2	18
71	4	dDNb	0.000245183	2.65E-05	2.018348727	174.1792969	0.018228374	1	31
71	5	dDNd	1.94E-06	1.25E-07	1.997526199	174.2844755	0.019676143	2	12
72	1	McFadden	1.086849051	NaN	NaN	126.5261548	0.020284853	2	26
72	2	LinearDistrb	1.087615967	NaN	7.63E-07	126.5049062	0.022391792	1	20
72	3	DN	1.090468295	0	NaN	126.4812508	0.016160422	2	19
72	4	dDNb	1.090478414	0	0.082493699	126.5382602	0.022217343	1	23
72	5	dDNd	1.093658447	0	4.88E-05	126.4973622	0.020495363	2	17
73	1	McFadden	0.679748535	NaN	NaN	161.1264151	0.02498809	2	14
73	2	LinearDistrb	1.67E-05	NaN	2.026544857	154.6179135	0.016290037	2	13
73	3	DN	0.626817822	0	NaN	161.0480449	0.020092489	2	18
73	4	dDNb	0.044343948	0	2.043334198	154.6373178	0.020406398	2	19
73	5	dDNd	0.024669006	0	1.997852114	154.6390804	0.015691024	2	19
74	1	McFadden	0.342578586	NaN	NaN	155.1202413	0.025568916	2	22
74	2	LinearDistrb	0.314615071	NaN	0.605142778	154.9636136	0.024459692	2	21
74	3	DN	1.94E-06	0.118194419	NaN	147.7581955	0.022564676	2	19
74	4	dDNb	9.31E-10	0.115630989	0.000878906	147.7283435	0.020292294	2	21
74	5	dDNd	9.31E-08	0.116846523	1.86E-09	147.7195835	0.021458398	1	23
75	1	McFadden	0.651046753	NaN	NaN	160.3660571	0.050151754	2	14
75	2	LinearDistrb	0.317468934	NaN	0.918509132	152.587911	0.0851627	1	24
75	3	DN	0.565555096	0	NaN	157.4976226	0.084390338	1	18
75	4	dDNb	0.234731365	0.006096297	0.965876909	152.8489709	0.061430734	1	31
75	5	dDNd	0.299624549	0	0.912054919	152.5318628	0.094832898	1	27
76	1	McFadden	0.392155932	NaN	NaN	125.012594	0.023564533	2	20
76	2	LinearDistrb	0.143047216	NaN	2.094410046	121.9361546	0.021422809	1	34
76	3	DN	0.038812625	0.043487305	NaN	124.8901984	0.023317077	1	19
76	4	dDNb	9.31E-10	0.012247306	1.941894863	119.9179131	0.015635008	1	20
76	5	dDNd	3.09E-11	0.013522532	1.92219488	119.9180714	0.021437269	1	22
77	1	McFadden	0.560132534	NaN	NaN	147.3191373	0.018698074	1	21
77	2	LinearDistrb	0.565719029	NaN	1.86E-09	147.3225947	0.021932578	1	23
77	3	DN	0.572226755	0.000182831	NaN	147.3480284	0.019009645	1	21
77	4	dDNb	0.558435708	0	0.329913169	147.3058135	0.017560678	1	27
77	5	dDNd	0.562836736	2.14E-06	1.86E-10	147.3167015	0.018920194	2	21
78	1	McFadden	0.386688232	NaN	NaN	126.3843195	0.11851621	2	17
78	2	LinearDistrb	0.407075839	NaN	0.002686566	126.5957251	0.058262403	1	27
78	3	DN	1.67E-05	0.052820969	NaN	124.4448499	0.088485858	2	24
78	4	dDNb	1.67E-05	0.052505207	0.066492939	124.5365691	0.095625687	2	30
78	5	dDNd	1.67E-05	0.053137398	0.183752251	124.630182	0.098841769	2	15
79	1	McFadden	4.711640835	NaN	NaN	244.6601611	0.032425881	2	13
79	2	LinearDistrb	1.030672669	NaN	1.19E-07	211.2759258	0.019678737	1	28
79	3	DN	0.931850417	0.004974345	NaN	211.3779039	0.025082847	1	19
79	4	dDNb	1.042297363	0	7.63E-06	211.3194385	0.026373061	2	14
79	5	dDNd	1.040456295	0	7.63E-07	211.3187536	0.023194461	2	16
80	1	McFadden	0.244030218	NaN	NaN	115.7012392	0.020646842	2	24
80	2	LinearDistrb	0.20671269	NaN	0.314545991	115.0010122	0.017264431	2	22
80	3	DN	0.24943906	0	NaN	115.6975247	0.022487165	1	19
80	4	dDNb	0.214775482	0	0.305579114	115.0116389	0.019305141	1	25
80	5	dDNd	0.210983135	2.19E-05	0.305610121	115.0114975	0.021287116	1	25
81	1	McFadden	0.716636861	NaN	NaN	200.98388	0.02938152	1	21
81	2	LinearDistrb	0.695045684	NaN	1.86E-10	200.9574761	0.029625109	1	18
81	3	DN	0.000377655	0.077154136	NaN	198.0675967	0.027687077	1	25
81	4	dDNb	1.67E-05	0.076850224	7.63E-07	198.0356727	0.027684686	2	16
81	5	dDNd	4.57E-05	0.076441331	0.022933277	198.0689527	0.026798541	1	21
82	1	McFadden	0.235626221	NaN	NaN	115.4459871	0.024868964	2	15
82	2	LinearDistrb	0.244667076	NaN	1.19E-08	115.4819174	0.026139479	1	28
82	3	DN	0.170828251	0.010386652	NaN	115.4714555	0.031446992	2	21
82	4	dDNb	0.246285465	0	0.01421468	115.4799123	0.029627038	1	27
82	5	dDNd	0.243320942	0	0.034386253	115.4206126	0.022645544	2	18
83	1	McFadden	0.927764624	NaN	NaN	184.3941785	0.029843158	2	19
83	2	LinearDistrb	0.727160469	NaN	1.434882084	182.8705274	0.03907429	2	11
83	3	DN	0.911552012	0	NaN	184.3022759	0.028829502	2	18
83	4	dDNb	0.735888942	1.84E-06	1.394401451	182.8288411	0.030614359	1	23
83	5	dDNd	0.766609192	0	1.481005859	182.8501298	0.034313512	2	20
84	1	McFadden	0.720924113	NaN	NaN	147.5059261	0.020026219	1	19
84	2	LinearDistrb	0.673089415	NaN	0.466075671	147.2942454	0.022504468	2	20
84	3	DN	0.196713738	0.055518919	NaN	146.8659897	0.027465775	2	21
84	4	dDNb	1.67E-05	0.077682686	0.014709568	146.8575243	0.019098712	2	18
84	5	dDNd	1.94E-06	0.076035702	0.077524918	146.8496006	0.026349976	2	18
85	1	McFadden	2.223726951	NaN	NaN	222.7059506	0.027175572	2	15
85	2	LinearDistrb	1.999856442	NaN	3.999999988	221.3293353	0.030415493	1	20
85	3	DN	1.67E-05	0.192943001	NaN	220.3120551	0.033065141	2	23
85	4	dDNb	2.11E-10	0.170603079	3.93372308	220.0399205	0.025746487	2	18
85	5	dDNd	0.024328232	0.167752838	3.999985504	220.0376079	0.040141615	1	33
86	1	McFadden	0.707152922	NaN	NaN	100.5083638	0.01805591	1	24
86	2	LinearDistrb	0.69321787	NaN	1.86E-10	100.5029131	0.017436097	1	18
86	3	DN	0.702053826	3.71E-07	NaN	100.5113214	0.018474319	2	21
86	4	dDNb	0.664892215	0.005573583	0.005210816	100.5036773	0.015065483	1	27
86	5	dDNd	0.639669895	0.00759964	7.63E-07	100.5046688	0.018631237	2	14
87	1	McFadden	0.251300168	NaN	NaN	118.3207634	0.015768461	1	20
87	2	LinearDistrb	0.00015831	NaN	1.855728912	88.81788871	0.014626512	1	20
87	3	DN	0.252591553	6.95E-07	NaN	118.3296631	0.016562771	1	19
87	4	dDNb	0.000483813	0	1.803482991	88.82616742	0.017580898	1	19
87	5	dDNd	0.00073014	0	1.78676036	88.83321267	0.014652421	2	20
88	1	McFadden	0.568870566	NaN	NaN	155.1279147	0.970736354	1	24
88	2	LinearDistrb	0.279088191	NaN	1.301029435	139.8696645	0.028360655	1	30
88	3	DN	0.495565735	0.006272851	NaN	154.044361	0.101620244	1	24
88	4	dDNb	0.149196219	0.010399796	1.313217963	139.7546976	0.021412023	1	22
88	5	dDNd	0.150460033	0.009838658	1.338805132	139.7363231	0.024301377	2	17
89	1	McFadden	0.549686093	NaN	NaN	149.3036928	0.018041394	2	19
89	2	LinearDistrb	0.56251859	NaN	0.076366641	149.3015431	0.021979063	1	20
89	3	DN	0.000724792	0.054057312	NaN	148.1178589	0.02093638	2	17
89	4	dDNb	9.31E-10	0.05440311	2.91E-11	148.1072507	0.019336469	1	30
89	5	dDNd	0.000724792	0.055007935	7.63E-06	148.1221205	0.020566466	2	17
90	1	McFadden	0.66007678	NaN	NaN	148.2685315	0.016315268	1	19
90	2	LinearDistrb	0.660110474	NaN	0.260018826	148.2197715	0.019556816	2	11
90	3	DN	0.64447793	0.001302875	NaN	148.2242332	0.024709003	1	18
90	4	dDNb	0.660968789	3.15E-05	0.185515591	148.2365052	0.018968404	1	28
90	5	dDNd	0.639717102	0	0.135235596	148.2554002	0.019805517	2	14
91	1	McFadden	1.237529508	NaN	NaN	184.7366679	0.022840421	1	20
91	2	LinearDistrb	1.226635839	NaN	9.03E-06	184.6936871	0.025239554	1	22
91	3	DN	1.225437212	0	NaN	184.7346847	0.024318728	1	19
91	4	dDNb	1.244909286	0	0.181769562	184.6893967	0.020393067	2	16
91	5	dDNd	1.234530319	0	1.86E-10	184.6951741	0.029922444	1	17
92	1	McFadden	1.488671467	NaN	NaN	205.105938	0.025400692	2	20
92	2	LinearDistrb	0.612278104	NaN	1.19E-07	185.4566421	0.023244289	2	21
92	3	DN	0.615052955	0	NaN	185.4248766	0.02219591	1	19
92	4	dDNb	0.608377635	0.000474519	0.009729832	185.4227793	0.026578817	1	27
92	5	dDNd	0.61554718	0	7.63E-06	185.4073276	0.0203594	2	20
93	1	McFadden	3.669265747	NaN	NaN	226.705712	0.021172239	2	12
93	2	LinearDistrb	0.041863086	NaN	2.551434606	174.2448683	0.021043025	1	22
93	3	DN	9.31E-10	0.092166938	NaN	197.7729267	0.024125475	2	17
93	4	dDNb	0.033203125	0	2.580078125	174.249905	0.024729415	2	13
93	5	dDNd	0.055673599	0	2.533681488	174.2505368	0.026677411	2	15
94	1	McFadden	0.887411594	NaN	NaN	167.9240849	0.021131027	1	20
94	2	LinearDistrb	0.773430586	NaN	1.19E-07	167.5937499	0.026881597	2	19
94	3	DN	9.31E-08	0.078948457	NaN	167.0851874	0.023790025	1	18
94	4	dDNb	1.49E-13	0.0772383	5.50E-06	167.0463778	0.027153329	1	17
94	5	dDNd	1.94E-06	0.076687253	1.19E-08	167.0549553	0.021160782	2	18
95	1	McFadden	0.182781062	NaN	NaN	99.3434088	0.025467597	1	26
95	2	LinearDistrb	0.179055941	NaN	0.088382612	99.3648033	0.020196562	1	29
95	3	DN	0.079256935	0.011628548	NaN	99.1685927	0.014797224	1	28
95	4	dDNb	0.090040207	0.010083008	7.63E-07	99.1721	0.02141501	2	18
95	5	dDNd	4.85E-07	0.020001046	0.03203377	99.34499584	0.020013106	2	33
96	1	McFadden	1.537099987	NaN	NaN	191.9692978	0.023120082	1	21
96	2	LinearDistrb	1.498262673	NaN	2.91E-12	191.9586463	0.030516912	2	20
96	3	DN	1.488909841	0.000669074	NaN	191.9687314	0.039147019	2	11
96	4	dDNb	1.487115979	0	0.008889604	191.9456581	0.03459548	2	18
96	5	dDNd	1.51965332	0	4.88E-05	191.9280387	0.032177667	1	19
97	1	McFadden	0.858225942	NaN	NaN	182.5344243	0.030252803	2	19
97	2	LinearDistrb	0.858659949	NaN	0.051590926	182.5424436	0.027678338	1	27
97	3	DN	0.00015831	0.139928436	NaN	182.0861992	0.028155216	2	20
97	4	dDNb	0.069739739	0.130390605	0.001033221	182.0657884	0.025939237	1	25
97	5	dDNd	0.035862871	0.138442445	0.007489967	182.0464097	0.02700944	1	32
98	1	McFadden	0.279136721	NaN	NaN	124.8775565	0.022286839	1	20
98	2	LinearDistrb	0.280220678	NaN	1.86E-09	124.8391085	0.021356429	1	18
98	3	DN	0.275573382	0.000659854	NaN	124.8662044	0.021754664	1	19
98	4	dDNb	0.186057978	0.009612697	0.016376022	124.8475998	0.020582134	1	32
98	5	dDNd	0.188686551	0.008983819	0.009758706	124.8302474	0.027405829	1	27
99	1	McFadden	0.333799777	NaN	NaN	98.42733672	0.022754743	1	25
99	2	LinearDistrb	0.326838762	NaN	0.635781664	98.41285114	0.019970252	2	21
99	3	DN	0.338537216	0	NaN	98.44043337	0.020025638	2	17
99	4	dDNb	0.335158082	0	0.364630336	98.42371547	0.015951823	1	24
99	5	dDNd	0.315271239	0	0.855282346	98.41808096	0.021369102	2	23
100	1	McFadden	0.199782404	NaN	NaN	167.0085	0.024470993	1	25
100	2	LinearDistrb	0.201545805	NaN	1.19E-08	166.9581142	0.024496486	1	31
100	3	DN	8.41E-12	0.016663761	NaN	166.8457103	0.026484365	1	22
100	4	dDNb	3.09E-11	0.016321403	6.54E-05	166.7754667	0.024360491	1	22
100	5	dDNd	0.002990723	0.016235352	4.88E-05	166.8163015	0.027443355	2	13
101	1	McFadden	0.637966314	NaN	NaN	94.37477721	0.017748978	1	24
101	2	LinearDistrb	9.31E-10	NaN	2.791893898	89.23475314	0.01895324	2	15
101	3	DN	0.631811718	0	NaN	94.37026116	0.019513474	1	18
101	4	dDNb	1.70E-06	0.008165526	2.687406026	88.31115239	0.018537915	2	24
101	5	dDNd	0.000724792	0	2.704388428	89.2403956	0.018891585	2	16
102	1	McFadden	0.434168734	NaN	NaN	156.3876358	0.022770248	2	22
102	2	LinearDistrb	0.432573318	NaN	7.63E-07	156.3393364	0.018709955	2	16
102	3	DN	0.430738335	0.000233491	NaN	156.3606175	0.021886641	1	20
102	4	dDNb	0.422754288	0	0.008944321	156.3450209	0.017084684	2	19
102	5	dDNd	0.428622693	0	0.055526084	156.3689879	0.024809478	1	26