subID	TimeConstraint	modeli	name	scl	eta	Mp	wp	nll	nllsd	success	iterations
1	10	1	dDNb	1	0.0911670207977295	1	1	114.688083365751	0.146480038145884	2	13
1	10	2	dDNd	1	0.10230712890625	1	1	115.369427587078	0.110815081432145	2	12
1	1.5	1	dDNb	1	0.15742244720459	1	1	136.711459466213	0.10373488355594	2	11
1	1.5	2	dDNd	1	0.163809752464294	1	1	135.834918896416	0.0790510449744165	2	12
2	10	1	dDNb	1	0.392787933349609	1	1	177.912952654098	0.0585880440592666	2	10
2	10	2	dDNd	1	0.428996981337696	1	1	177.99329046722	0.0761465143984785	1	18
2	1.5	1	dDNb	1	0.383210669414984	1	1	174.013633424021	0.0632854545908877	1	19
2	1.5	2	dDNd	1	0.38604907989502	1	1	173.981967544492	0.0694513175175932	2	9
3	10	1	dDNb	1	0.124938821792603	1	1	87.8227056073619	0.0611966329827115	2	13
3	10	2	dDNd	1	0.121930019464344	1	1	90.607001253927	0.0568117957571445	2	11
3	1.5	1	dDNb	1	0.1828369140625	1	1	100.828483126973	0.087269239681204	2	14
3	1.5	2	dDNd	1	0.188284623622894	1	1	102.089680011981	0.0971399354923501	2	12
4	10	1	dDNb	1	0.0881484985351562	1	1	47.2968680591842	0.0425131759181876	2	12
4	10	2	dDNd	1	0.079537763854023	1	1	46.7073716786781	0.0448300813929475	2	15
4	1.5	1	dDNb	1	0.165377807617187	1	1	79.4642489941771	0.0696946857511522	2	11
4	1.5	2	dDNd	1	0.1630615234375	1	1	79.6240209603716	0.0767984217571666	2	10
5	10	1	dDNb	1	6.10351562499722e-05	1	1	59.1883057771007	0.0395914886320134	2	10
5	10	2	dDNd	1	9.76562499999667e-05	1	1	63.5512632958313	0.0400124670887064	2	11
5	1.5	1	dDNb	1	0.0857968119904399	1	1	88.7520703627487	0.0936768773947379	1	21
5	1.5	2	dDNd	1	0.078045654296875	1	1	89.568920777847	0.105098333324302	1	21
6	10	1	dDNb	1	0.139034305140376	1	1	96.7880902923748	0.0608145481105452	2	18
6	10	2	dDNd	1	0.13131103515625	1	1	96.4341312833766	0.07712925301603	1	21
6	1.5	1	dDNb	1	0.254964724183083	1	1	134.166881638062	0.0633182446547641	2	16
6	1.5	2	dDNd	1	0.258802795410156	1	1	133.898717990034	0.0906199534243382	1	23
7	10	1	dDNb	1	0.332941484451294	1	1	165.285817905811	0.0624222071546456	2	11
7	10	2	dDNd	1	0.329832515865564	1	1	165.466119231408	0.0827671626301503	2	23
7	1.5	1	dDNb	1	0.216025563701987	1	1	122.983154553894	0.075007623325843	2	14
7	1.5	2	dDNd	1	0.213232421875	1	1	123.413957786568	0.0715445754487309	2	10
8	10	1	dDNb	1	0.0554922103881836	1	1	64.5488031520778	0.0415928577150163	2	19
8	10	2	dDNd	1	0.0487423062324524	1	1	63.7280689735138	0.0425024805615618	2	13
8	1.5	1	dDNb	1	0.151617431640625	1	1	95.2757154973197	0.0949936780981156	2	11
8	1.5	2	dDNd	1	0.144517517089844	1	1	94.74002645617	0.105240674680489	2	20
9	10	1	dDNb	1	0.137527465820312	1	1	91.4614069559651	0.108673506729071	2	13
9	10	2	dDNd	1	0.141390991210937	1	1	92.750304445115	0.124860076605492	2	14
9	1.5	1	dDNb	1	0.147518730163574	1	1	101.413719633366	0.0889807650707791	2	13
9	1.5	2	dDNd	1	0.144414520263672	1	1	101.66914001474	0.133499201846239	2	12
10	10	1	dDNb	1	0.559211349487305	1	1	181.69537677119	0.078045934196779	2	12
10	10	2	dDNd	1	0.527688598632813	1	1	181.593776139467	0.0910107530452438	2	11
10	1.5	1	dDNb	1	0.442578718066216	1	1	173.684613776321	0.0617973580279974	2	10
10	1.5	2	dDNd	1	0.485116456799659	1	1	173.508042812477	0.0904628839243155	1	19
11	10	1	dDNb	1	1.19494552612305	1	1	188.890677196958	0.0729245678767615	2	13
11	10	2	dDNd	1	1.08677691243172	1	1	182.604736391071	0.0833871255061411	1	18
11	1.5	1	dDNb	1	0.982421875	1	1	186.809372603118	0.0879112366079585	2	12
11	1.5	2	dDNd	1	0.965119174518623	1	1	182.144277894143	0.0783971269374059	2	22
12	10	1	dDNb	1	0.408294677734375	1	1	180.253532849342	0.0718611558604257	2	9
12	10	2	dDNd	1	0.386559164524078	1	1	180.171035819801	0.0813719238578895	2	13
12	1.5	1	dDNb	1	0.627720064483583	1	1	186.766064501104	0.0600640165967821	2	15
12	1.5	2	dDNd	1	0.601449154486942	1	1	186.774205383999	0.0752482084857082	1	19
13	10	1	dDNb	1	1.18737232295462	1	1	190.246920852143	0.0773436157000965	1	24
13	10	2	dDNd	1	1.22149982452393	1	1	190.238049757424	0.0707272902913713	2	17
13	1.5	1	dDNb	1	0.678560739569366	1	1	160.387988367682	0.0617591252608445	2	23
13	1.5	2	dDNd	1	0.691545820236206	1	1	160.439072647439	0.0564295524821756	2	19
14	10	1	dDNb	1	0.124376738071442	1	1	99.7402773113464	1.01404595899607	1	16
14	10	2	dDNd	1	0.1349365234375	1	1	100.389142822921	0.180367708088479	2	12
14	1.5	1	dDNb	1	0.0953135944637665	1	1	82.8635495659232	0.0792244382694574	2	17
14	1.5	2	dDNd	1	0.0928104639053345	1	1	82.5462712124864	0.052843668752806	2	19
15	10	1	dDNb	1	0.357073146561743	1	1	163.917306615461	0.0737997437077357	2	14
15	10	2	dDNd	1	0.343062623729929	1	1	163.672308245926	0.0691166199264962	2	22
15	1.5	1	dDNb	1	0.324900154070929	1	1	158.011634638328	0.0654380762043251	1	35
15	1.5	2	dDNd	1	0.319869411180844	1	1	157.623689898325	0.0710950738088305	2	18
16	10	1	dDNb	1	0.240882566532957	1	1	161.052722713764	0.0826220717736927	2	25
16	10	2	dDNd	1	0.251974612660706	1	1	161.892030726163	0.0700733065170138	2	17
16	1.5	1	dDNb	1	0.391160903519994	1	1	174.848813270804	0.0990187784419507	2	19
16	1.5	2	dDNd	1	0.401257956027985	1	1	174.987467356773	0.0657832507255359	2	10
17	10	1	dDNb	1	0.225529885292053	1	1	128.7198897802	0.0618681976106718	2	12
17	10	2	dDNd	1	0.231589753739536	1	1	129.270456658007	0.0789864281597783	2	14
17	1.5	1	dDNb	1	0.236904239654541	1	1	118.681236524486	0.0696727487595068	2	22
17	1.5	2	dDNd	1	0.233459432324844	1	1	119.050086474329	0.106187964830984	2	20
18	10	1	dDNb	1	0.201953125	1	1	93.284904177928	0.0762216941743644	2	9
18	10	2	dDNd	1	0.195947265625	1	1	92.932816382739	0.0919140606579406	2	9
18	1.5	1	dDNb	1	0.356909958820654	1	1	143.288251208173	0.0894733521882487	1	21
18	1.5	2	dDNd	1	0.347066497802734	1	1	142.960315724136	0.0702550749899751	2	12
19	10	1	dDNb	1	0.0327081160619855	1	1	98.1303632662965	0.05551160547483	2	13
19	10	2	dDNd	1	9.76562499999667e-05	1	1	97.3105101226997	0.0548861202332035	2	11
19	1.5	1	dDNb	1	0.209165933728218	1	1	124.780549602132	0.107772949447417	2	13
19	1.5	2	dDNd	1	0.212961411476135	1	1	125.84835382675	0.0893705772698344	2	11
20	10	1	dDNb	1	1.0991473197937	1	1	193.58724128234	0.0745271944308035	2	11
20	10	2	dDNd	1	1.0804992666468	1	1	193.50498396621	0.0702257585415289	2	19
20	1.5	1	dDNb	1	0.311646819114685	1	1	160.766706311504	0.0730585619195089	2	15
20	1.5	2	dDNd	1	0.308605002183196	1	1	160.537315082757	0.0543301371896356	1	18
21	10	1	dDNb	1	0.276858425140381	1	1	195.410940268183	0.0773629198276557	2	14
21	10	2	dDNd	1	0.369797091218061	1	1	195.560353159218	0.0706413775056278	2	19
21	1.5	1	dDNb	1	0.188160218298435	1	1	190.380173400037	0.0598114453615923	2	14
21	1.5	2	dDNd	1	0.200290304844384	1	1	190.542499327238	0.0648174786846678	1	21
22	10	1	dDNb	1	0.527992662647739	1	1	180.57129289997	0.0841184801532478	2	21
22	10	2	dDNd	1	0.489408735185862	1	1	181.662558816927	0.07115405259406	2	17
22	1.5	1	dDNb	1	0.425826740264893	1	1	166.267639171163	0.0696303969725851	1	27
22	1.5	2	dDNd	1	0.390625	1	1	168.992358421273	0.0690087738696874	2	14
23	10	1	dDNb	1	0.102890777587891	1	1	87.4382850966354	0.0651582687356237	2	12
23	10	2	dDNd	1	0.101494598388672	1	1	86.5459284886521	0.0509977525869304	2	12
23	1.5	1	dDNb	1	0.214243793487549	1	1	131.977623704057	0.0696433947280803	2	9
23	1.5	2	dDNd	1	0.210794687271118	1	1	131.634628409189	0.0615459194103165	2	11
24	10	1	dDNb	1	0.049609375	1	1	144.951148039695	0.0894209799036632	2	13
24	10	2	dDNd	1	0.038330078125	1	1	125.870196512222	0.0671844985641876	2	13
24	1.5	1	dDNb	1	0.000537109374999956	1	1	98.07698069076	0.0565582200709487	2	15
24	1.5	2	dDNd	1	5.77208120372541e-06	1	1	89.8144171319848	0.0461558994652302	2	13
25	10	1	dDNb	1	0.2122802734375	1	1	128.799883074004	0.0617963340565776	2	10
25	10	2	dDNd	1	0.20821533203125	1	1	128.899425610785	0.0903732635877419	2	10
25	1.5	1	dDNb	1	0.278820596821606	1	1	143.393430960711	0.073757663746907	2	17
25	1.5	2	dDNd	1	0.272265625	1	1	143.475215983998	0.079573839122148	2	10
26	10	1	dDNb	1	0.0763430595397949	1	1	42.1856548106141	0.0766169931392605	2	14
26	10	2	dDNd	1	0.0776113913542303	1	1	42.8395237113932	0.0729861430550545	1	22
26	1.5	1	dDNb	1	0.12724609375	1	1	65.5057824964201	0.0853976789786642	2	10
26	1.5	2	dDNd	1	0.12724609375	1	1	65.8251017206359	0.0788474458357886	2	10
27	10	1	dDNb	1	0.35215224660933	1	1	171.482261925635	0.06705438816039	2	20
27	10	2	dDNd	1	0.346983135794289	1	1	171.125561290069	0.0794032089586319	2	14
27	1.5	1	dDNb	1	0.412093615531921	1	1	176.050611042639	0.0729168649441392	2	14
27	1.5	2	dDNd	1	0.410998753074091	1	1	175.847012206117	0.064891046390676	2	14
28	10	1	dDNb	1	0.1328125	1	1	92.5640299900413	0.129102663835617	1	22
28	10	2	dDNd	1	0.138733673095703	1	1	93.2082423509038	0.0811008359172554	2	15
28	1.5	1	dDNb	1	0.104605674743652	1	1	78.469040502143	0.0471138267202902	2	13
28	1.5	2	dDNd	1	0.0933364079333842	1	1	78.0612749077475	0.0547140403184126	2	15
29	10	1	dDNb	1	0.228738737106323	1	1	154.341135400856	0.0744691334654194	2	11
29	10	2	dDNd	1	0.235465755313635	1	1	154.323632466612	0.0796998293354848	2	15
29	1.5	1	dDNb	1	0.635102415084839	1	1	181.002194117252	0.0478003548470322	2	17
29	1.5	2	dDNd	1	0.630538940429688	1	1	180.974521356154	0.0790004526705463	2	10
30	10	1	dDNb	1	0.240848384480296	1	1	103.337421256603	0.0726786345565907	2	17
30	10	2	dDNd	1	0.24131789393723	1	1	102.69850362508	0.0845061843208631	2	12
30	1.5	1	dDNb	1	0.318270462751389	1	1	130.29401524009	0.0654858259823464	2	15
30	1.5	2	dDNd	1	0.303619563486427	1	1	129.74956815583	0.0850829002431167	2	14
31	10	1	dDNb	1	1.99999188549118	1	1	200.163017210583	0.0896087641453195	2	14
31	10	2	dDNd	1	1.99990234375	1	1	197.329952159882	0.0673492563644994	2	11
31	1.5	1	dDNb	1	1.99999461174011	1	1	176.132891479765	0.0910224384014072	2	10
31	1.5	2	dDNd	1	1.99999454950448	1	1	174.391588507697	0.0544160410400927	2	13
32	10	1	dDNb	1	0.305314628376072	1	1	136.804902939038	0.0717284344778779	2	28
32	10	2	dDNd	1	0.282186731696129	1	1	136.11440135551	0.0857127059869556	2	14
32	1.5	1	dDNb	1	0.446032940360021	1	1	159.223963603229	0.0911610382844398	1	17
32	1.5	2	dDNd	1	0.42954069674015	1	1	158.357206895661	0.072944815877195	2	14
33	10	1	dDNb	1	1.99061603546143	1	1	198.23740583859	0.0859334424517281	2	11
33	10	2	dDNd	1	1.97112613916397	1	1	198.170318801379	0.0750090228897993	1	20
33	1.5	1	dDNb	1	1.64751534163952	1	1	175.101802054993	0.0734475946332609	2	13
33	1.5	2	dDNd	1	1.99999961853027	1	1	174.989009188426	0.0787864409378471	2	12
34	10	1	dDNb	1	0.104134750366211	1	1	79.5961208287908	0.0608238524743708	2	14
34	10	2	dDNd	1	0.0885009765625	1	1	75.8959183798852	0.0600101003209685	2	18
34	1.5	1	dDNb	1	0.14599609375	1	1	79.9460761652515	0.0649269486472825	2	10
34	1.5	2	dDNd	1	0.150468444824219	1	1	79.3118732203891	0.0755444951894077	2	13
35	10	1	dDNb	1	0.199151200056076	1	1	83.3011697091538	0.0882534162339942	1	23
35	10	2	dDNd	1	0.201202392578125	1	1	83.6958456659665	0.105398718036264	1	19
35	1.5	1	dDNb	1	0.214248657226562	1	1	85.3168259368647	0.0826382112380512	2	14
35	1.5	2	dDNd	1	0.21337890625	1	1	85.9677387421131	0.0693914009312378	2	9
36	10	1	dDNb	1	0.177160930633545	1	1	88.025957110713	0.0796620868142541	2	12
36	10	2	dDNd	1	0.1813720703125	1	1	88.8324671277897	0.067392635606486	2	11
36	1.5	1	dDNb	1	0.2107421875	1	1	91.801494945349	0.0562182101717072	2	9
36	1.5	2	dDNd	1	0.221724510192871	1	1	91.6186283143907	0.0590199768785047	2	13
37	10	1	dDNb	1	0.692366350069302	1	1	181.57013895325	0.0507796527811092	1	23
37	10	2	dDNd	1	0.694140625	1	1	181.46660036153	0.0781170641191088	2	11
37	1.5	1	dDNb	1	1.97223220975648	1	1	198.432869344311	0.0727207767102379	2	15
37	1.5	2	dDNd	1	1.99999865293503	1	1	198.44661352086	0.0790898751382312	2	19
38	10	1	dDNb	1	0.15537109375	1	1	104.885447949566	0.0741449678937313	2	9
38	10	2	dDNd	1	0.161712528765202	1	1	107.569110771756	0.0713057001645703	2	15
38	1.5	1	dDNb	1	0.380476915836334	1	1	157.757608259475	0.0711455731659506	2	13
38	1.5	2	dDNd	1	0.389035332389176	1	1	158.197061570855	0.0820064955124754	2	15
39	10	1	dDNb	1	0.215823364257813	1	1	138.859275404626	0.0922766227678852	2	13
39	10	2	dDNd	1	0.208879089355469	1	1	138.958126525171	0.0668762605898637	2	26
39	1.5	1	dDNb	1	0.214435374736786	1	1	130.853165203606	0.0765897750472134	2	19
39	1.5	2	dDNd	1	0.207591584324837	1	1	130.733117080432	0.0849411023777791	2	14
40	10	1	dDNb	1	0.103515625	1	1	56.0454432919225	0.0735850029983474	2	10
40	10	2	dDNd	1	0.08275146484375	1	1	54.1492580141928	0.0906999930558799	2	12
40	1.5	1	dDNb	1	0.247023963928223	1	1	95.7962426049557	0.0787875825038411	2	10
40	1.5	2	dDNd	1	0.24600043296814	1	1	95.9539214764465	0.0789196592000143	1	21
41	10	1	dDNb	1	0.409301113179754	1	1	170.488806552839	0.0582858714362727	2	19
41	10	2	dDNd	1	0.383744338057659	1	1	170.280758921465	0.0731823075995103	1	18
41	1.5	1	dDNb	1	0.464317137142643	1	1	177.907899425192	0.0751338235011398	1	19
41	1.5	2	dDNd	1	0.493425125849899	1	1	177.903527677011	0.0773270333344064	2	12
42	10	1	dDNb	1	0.130074000969489	1	1	106.841302660979	0.0789938357195683	2	19
42	10	2	dDNd	1	0.12724609375	1	1	107.781959997931	0.0703284786192617	2	10
42	1.5	1	dDNb	1	0.21509222984314	1	1	141.090128060028	0.10576144387268	2	16
42	1.5	2	dDNd	1	0.212453011972634	1	1	140.959618607093	0.0655413566407448	1	21
43	10	1	dDNb	1	0.272006440877158	1	1	164.093303688985	0.0855488374889084	1	26
43	10	2	dDNd	1	0.294799041748047	1	1	164.351079321422	0.0823520911373946	2	18
43	1.5	1	dDNb	1	0.16064453125	1	1	98.3595214835763	0.0907499031741002	2	9
43	1.5	2	dDNd	1	0.1664306640625	1	1	99.2463138035474	0.106284355103712	2	10
44	10	1	dDNb	1	0.19465843513608	1	1	122.71524628526	0.0988682421889505	1	21
44	10	2	dDNd	1	0.204934597015381	1	1	123.153027255787	0.083429180187519	2	9
44	1.5	1	dDNb	1	0.13427734375	1	1	96.5785645631737	0.0587512235186699	2	9
44	1.5	2	dDNd	1	0.12783203125	1	1	96.6441616088105	0.0721960926534228	2	10
45	10	1	dDNb	1	0.271986480802298	1	1	147.534824205575	0.0861330456226101	2	13
45	10	2	dDNd	1	0.266959363408387	1	1	147.273177943607	0.0648094760510507	2	14
45	1.5	1	dDNb	1	0.39139404296875	1	1	169.269828057796	0.0768338546757561	2	11
45	1.5	2	dDNd	1	0.397665054089157	1	1	169.126743963683	0.0782643454791354	2	20
46	10	1	dDNb	1	0.346143924386706	1	1	172.024231590574	0.0585234884346293	2	12
46	10	2	dDNd	1	0.340715858340263	1	1	167.78568138549	0.0860236111553311	1	21
46	1.5	1	dDNb	1	0.414946855604649	1	1	173.397559761743	0.0826653100284565	2	12
46	1.5	2	dDNd	1	0.438953471183777	1	1	172.043829309111	0.0612670558852307	2	19
47	10	1	dDNb	1	0.468111434578896	1	1	180.914768146559	0.0805428329583558	2	16
47	10	2	dDNd	1	0.480733802111354	1	1	180.011059210089	0.0847681101726996	1	20
47	1.5	1	dDNb	1	0.47875713808462	1	1	177.80503960759	0.0851982728087128	2	19
47	1.5	2	dDNd	1	0.466383128583451	1	1	177.159559532367	0.059409384207719	1	23
48	10	1	dDNb	1	0.134165549837053	1	1	131.747737795678	0.0551829772769514	2	15
48	10	2	dDNd	1	6.10351562496669e-06	1	1	131.747175924718	0.0504242785690039	2	10
48	1.5	1	dDNb	1	0.237548828125	1	1	133.155510119615	0.0828917678976265	2	13
48	1.5	2	dDNd	1	0.24835205078125	1	1	133.154318271263	0.0615482845742654	2	9
49	10	1	dDNb	1	0.547249813121744	1	1	158.680410324126	0.0670446381823044	1	23
49	10	2	dDNd	1	0.548734077905101	1	1	158.484670588946	0.0674836110123433	2	22
49	1.5	1	dDNb	1	0.629110717773438	1	1	163.771399576464	0.0670710082976904	2	11
49	1.5	2	dDNd	1	0.645739988344212	1	1	164.078983251224	0.0824928517182278	2	18
50	10	1	dDNb	1	0.109496307373047	1	1	106.091233619884	0.0771973403651016	2	13
50	10	2	dDNd	1	0.11083984375	1	1	107.810952710314	0.0850214175578181	2	10
50	1.5	1	dDNb	1	0.127515709950239	1	1	116.747568961537	0.0680930987881179	2	16
50	1.5	2	dDNd	1	0.1287109375	1	1	117.725894114357	0.0816829668704339	2	9
51	10	1	dDNb	1	0.328501871973276	1	1	114.163872547557	0.0912544496793405	2	13
51	10	2	dDNd	1	0.29754037335515	1	1	118.030319391394	0.0632879224279354	2	13
51	1.5	1	dDNb	1	0.313123750686645	1	1	100.531007298026	0.0660645718985841	2	14
51	1.5	2	dDNd	1	0.297189542651176	1	1	103.741104791485	0.0524169107217916	2	9
52	10	1	dDNb	1	0.245425384245925	1	1	164.436440869796	0.0838639728669413	1	31
52	10	2	dDNd	1	0.238021350651979	1	1	164.59411352586	0.0936173768001543	2	19
52	1.5	1	dDNb	1	0.491814231872559	1	1	181.067781439619	0.0874879954613491	2	18
52	1.5	2	dDNd	1	0.479006384937384	1	1	181.1846395368	0.0590804809838463	2	16
53	10	1	dDNb	1	0.121560668945312	1	1	64.2100873605259	0.0524566926994494	2	15
53	10	2	dDNd	1	0.101808166503906	1	1	65.215966199114	0.038831415334673	2	12
53	1.5	1	dDNb	1	0.154052734375	1	1	71.2660228157923	0.0728353635067732	1	18
53	1.5	2	dDNd	1	0.15452880859375	1	1	73.0841279597028	0.0697807000267008	2	13
54	10	1	dDNb	1	1.98315336108208	1	1	199.231566613462	0.0850437362067538	2	15
54	10	2	dDNd	1	1.92438578074798	1	1	199.25803908348	0.0880918361409811	2	16
54	1.5	1	dDNb	1	1.70861882371828	1	1	160.128644794213	0.0615185938049932	2	17
54	1.5	2	dDNd	1	1.72706296443939	1	1	160.097695433689	0.0749320065318551	2	19
55	10	1	dDNb	1	0.048740330338478	1	1	106.880199233061	0.0618983270908987	2	12
55	10	2	dDNd	1	7.32145854268063e-06	1	1	110.906745784046	0.0443117096477288	2	15
55	1.5	1	dDNb	1	0.0633969306945801	1	1	125.111709935399	0.0868169214108763	2	13
55	1.5	2	dDNd	1	0.000134277343749961	1	1	124.706280304855	0.0785040956554595	2	11
56	10	1	dDNb	1	0.038691246509552	1	1	127.484542734353	0.0667877889017858	1	26
56	10	2	dDNd	1	6.10351562499722e-05	1	1	134.803434609837	0.0721975813874713	2	12
56	1.5	1	dDNb	1	0.0197559684514999	1	1	100.072348470525	0.0499803274361545	2	11
56	1.5	2	dDNd	1	0.00020751953124995	1	1	112.166786173407	0.0551964323214278	2	10
57	10	1	dDNb	1	1.96255101356655	1	1	193.027224590258	0.0673940790655726	2	14
57	10	2	dDNd	1	1.99774563312531	1	1	193.695330459435	0.072115748146441	2	19
57	1.5	1	dDNb	1	1.97804368962534	1	1	183.329472117713	0.0851206925628008	2	17
57	1.5	2	dDNd	1	1.99999874239875	1	1	184.227637034901	0.0920259162620917	2	23
58	10	1	dDNb	1	0.0967999244574457	1	1	146.786923032572	0.0638450853548807	2	15
58	10	2	dDNd	1	0.0791259765625	1	1	144.369227136355	0.0509922051305218	2	11
58	1.5	1	dDNb	1	0.082366943359375	1	1	143.604464909865	0.0843827415322497	2	12
58	1.5	2	dDNd	1	0.0791609168052673	1	1	140.906996539394	0.0673204249620994	2	12
59	10	1	dDNb	1	0.000244140624999972	1	1	83.1432286721346	0.0572432213991535	2	10
59	10	2	dDNd	1	3.24249267574794e-06	1	1	83.1464166665426	0.0394671565940549	2	10
59	1.5	1	dDNb	1	0.174404976772348	1	1	100.550183534329	0.0705824949929252	1	20
59	1.5	2	dDNd	1	0.17547607421875	1	1	100.421872619187	0.0579829310345115	2	10
60	10	1	dDNb	1	0.000537109374999956	1	1	53.4688652320797	0.0471060252891033	2	11
60	10	2	dDNd	1	9.76562499999667e-05	1	1	54.9895893024126	0.0386060017397531	2	11
60	1.5	1	dDNb	1	0.1352138991846	1	1	94.5245740973554	0.0614991037001429	2	20
60	1.5	2	dDNd	1	0.134597778320312	1	1	94.5266098747733	0.0569156333628291	2	11
