subID	modeli	name	Mp	wp	scl	nll	nllsd	success	iterations
25	1	McFadden	0.671756773329861	NaN	NaN	165.124507509655	0.0271727190571079	1	20
25	2	LinearDistrb	0.648429076187313	NaN	1.86264559332017e-10	165.028520932195	0.0217803459910449	1	19
25	3	DN	0.660535335540771	0	NaN	165.028932955374	0.0201723378506721	2	22
25	4	dDNb	0.648969650268555	0	7.62939453169409e-07	165.041581130419	0.0237907613669631	2	19
25	5	dDNd	0.640850067138672	0	0.204292392730713	165.054153573338	0.0262936618049594	2	19
26	1	McFadden	3.6103515625	NaN	NaN	228.046023105086	0.0221319313558467	2	13
26	2	LinearDistrb	1.37319656586648	NaN	0.283176353695919	205.142740385483	0.0239721242282447	1	19
26	3	DN	1.66893005371094e-05	0.127992248535156	NaN	203.167924125711	0.0324512662411463	2	18
26	4	dDNb	0.000158309936523438	0.129714584350586	7.62939453169409e-07	203.216454734612	0.0359599141779618	2	23
26	5	dDNd	4.88758087158203e-06	0.127815508842468	1.19209289550781e-07	203.162462665563	0.0254959764816611	2	19
27	1	McFadden	0.155084802827332	NaN	NaN	88.9272998355488	0.0285033399236499	1	21
27	2	LinearDistrb	0.163673348724842	NaN	1.86264514923096e-09	88.8870206043027	0.0282491132919125	1	19
27	3	DN	9.31322574615479e-08	0.0187246233224869	NaN	87.0125370186013	0.0223112810535186	1	19
27	4	dDNb	4.88758087158203e-06	0.018710708618164	1.19209289550781e-07	87.0214122945788	0.032052824056253	2	18
27	5	dDNd	9.31322574615479e-10	0.0181439927779138	0.0206891305744648	86.9556670774916	0.0293906180678302	2	26
28	1	McFadden	0.398859355133027	NaN	NaN	127.385342393374	0.0163370186668469	2	22
28	2	LinearDistrb	0.299573838710785	NaN	0.790112698078156	126.346542193324	0.0195424012060471	2	21
28	3	DN	0.00072479248046875	0.036444091796875	NaN	126.269704718687	0.0166635180203277	1	24
28	4	dDNb	9.00611460963319e-07	0.0310648953925152	0.464025261010637	125.739222283228	0.0260779833744037	1	27
28	5	dDNd	0.00072479248046875	0.0314987182617188	0.431509399414063	125.736414702802	0.0159235504138933	2	16
29	1	McFadden	0.54722747883352	NaN	NaN	126.042486056218	0.0235935233059888	1	21
29	2	LinearDistrb	0.53887140750885	NaN	1.19209289550781e-07	126.031952663052	0.023404913206389	2	11
29	3	DN	0.375662222271785	0.0172460044268519	NaN	125.907502268183	0.023504144405417	1	19
29	4	dDNb	0.544548204663442	0	2.67982832169444e-06	126.046801363895	0.026630742140397	1	22
29	5	dDNd	0.293549060821533	0.0261307716369629	0.0394923210144043	125.974881378669	0.0240739393091032	2	15
30	1	McFadden	0.579182886052422	NaN	NaN	104.360101061664	0.0188329851241719	1	23
30	2	LinearDistrb	0.574262958944018	NaN	0.0263316814041901	104.323526712495	0.0220364528164605	1	24
30	3	DN	1.86431342399374e-05	0.0673918939710575	NaN	103.04895959156	0.0250977182429294	1	22
30	4	dDNb	1.66893005371094e-05	0.06777925491333	0.0914525032043458	103.042763983055	0.0220478572181101	2	15
30	5	dDNd	4.88758087158203e-06	0.0680359363555908	0.10941321849823	103.031678892473	0.0185691527630665	2	19
31	1	McFadden	0.315861344406493	NaN	NaN	143.785091367364	0.0161083605726712	1	21
31	2	LinearDistrb	0.235425591468811	NaN	1.42876930236816	142.091892478666	0.0232592878015076	2	14
31	3	DN	0.0710289273411036	0.027404997125268	NaN	143.677191403567	0.0189880619021869	1	21
31	4	dDNb	9.31322574615479e-10	0.0246242864988744	1.16849568812177	141.871711589801	0.0289101962866842	1	20
31	5	dDNd	0.0126163399872894	0.0236592329361883	1.15579398723676	141.889705957057	0.0212633981308415	2	25
32	1	McFadden	4.75559043884277	NaN	NaN	249.920877053305	0.0303159859430517	2	14
32	2	LinearDistrb	0.637082480505342	NaN	1.34690916495747	199.127836887976	0.0283871880787244	1	23
32	3	DN	0.705228447914124	0	NaN	199.999187996396	0.0288716094168425	2	17
32	4	dDNb	0.0333887616779975	0.0627993072801474	1.62494421759511	198.472252955499	0.0252421416332105	1	29
32	5	dDNd	1.9371509552002e-06	0.0651921629905701	1.69959462881088	198.450978868461	0.026254057330724	2	18
33	1	McFadden	1.29347336292267	NaN	NaN	223.302994085676	0.0323050471579616	2	16
33	2	LinearDistrb	1.0835698209703	NaN	2.32468182705343	221.579920248391	0.0244673741429177	2	11
33	3	DN	1.27194518223405	0	NaN	223.282871163394	0.0329152597213382	2	11
33	4	dDNb	1.09690471486647	4.19868229073472e-09	2.09591277004438	221.688623627975	0.0270057086787861	1	23
33	5	dDNd	1.07173247716855	0	2.31826082989573	221.602429385424	0.0354908883618223	2	21
34	1	McFadden	0.589618802070618	NaN	NaN	151.910414283791	0.0238769562508667	2	20
34	2	LinearDistrb	0.520028901752084	NaN	0.467071906849742	150.158316667558	0.0197804294909759	2	21
34	3	DN	0.00072479248046875	0.061224365234375	NaN	150.804795771075	0.0218850441385096	2	11
34	4	dDNb	0.0998592376708984	0.0448261260986328	0.419970321655273	150.003579649298	0.0212686191024083	1	34
34	5	dDNd	0.291025521233678	0.0233042006380856	0.464352437760681	150.021395468979	0.0197274413046005	1	25
35	1	McFadden	0.338060311653891	NaN	NaN	111.277983875051	0.0174781631585876	2	22
35	2	LinearDistrb	0.341127337587565	NaN	0.0754076880039509	111.305205905187	0.0189922797098427	1	25
35	3	DN	1.66893005371094e-05	0.0310894966125488	NaN	110.668438730476	0.0201488422796556	2	16
35	4	dDNb	1.9371509552002e-06	0.0319619297981262	1.19209289106692e-08	110.664770531271	0.0219757845832675	2	24
35	5	dDNd	9.31322574615479e-10	0.0312360863666982	1.86264559332017e-10	110.664790624064	0.0162523126132714	1	20
36	1	McFadden	0.829866409301758	NaN	NaN	153.167494383766	0.0507517120516333	1	24
36	2	LinearDistrb	0.795054155665184	NaN	0.188419015156433	152.798336135165	0.0748156432346887	1	25
36	3	DN	4.61935997009277e-07	0.0778115794062615	NaN	150.871880798706	0.112157058411125	1	18
36	4	dDNb	1.66893005371094e-05	0.0800111770629883	7.62939453169409e-07	151.162110967635	0.0828065058500402	1	28
36	5	dDNd	0.0397412776947021	0.0731440305709838	0.277781057357788	151.154484150977	0.110618490968439	1	29
37	1	McFadden	0.393961042165756	NaN	NaN	93.0446477976342	0.0163645155769662	1	23
37	2	LinearDistrb	0.396639675251208	NaN	1.85593962664932e-06	93.0279110701136	0.0173479817998153	1	20
37	3	DN	0.299098200334356	0.00945806575098229	NaN	93.0414400125185	0.0181036094525123	1	23
37	4	dDNb	0.39056583493948	0	1.86264559332017e-10	93.0311544507722	0.016835468478714	2	20
37	5	dDNd	0.394875675439835	0	0.00595167279243469	93.0351650200722	0.0197910195196494	1	31
38	1	McFadden	4.5167236328125	NaN	NaN	251.076559228781	0.0237545525734874	2	10
38	2	LinearDistrb	0.428641363512725	NaN	0.175071575399488	182.377880134488	0.0490638385782509	1	27
38	3	DN	0.434278482571244	0	NaN	182.352328097178	0.0546535181066164	2	22
38	4	dDNb	0.4561767578125	0	0.00136718750000009	182.437513162137	0.0408749625096843	1	21
38	5	dDNd	0.421810150146484	0	0.118642807006836	182.307310737661	0.048006079610039	2	28
39	1	McFadden	0.623983565717936	NaN	NaN	112.698507328596	0.0198092132979586	2	23
39	2	LinearDistrb	0.625698467738005	NaN	0.00317807473381748	112.677660427416	0.0180740247632013	1	22
39	3	DN	1.66893005371094e-05	0.100585746765137	NaN	112.401708353801	0.0224141018308027	2	16
39	4	dDNb	0.00072479248046875	0.100627136230469	7.62939453125e-06	112.44332883645	0.0195930144412327	2	14
39	5	dDNd	4.88758087158203e-06	0.100296020507812	0.0401652336120606	112.437632910999	0.021930894760608	2	22
40	1	McFadden	1.06688582913921	NaN	NaN	153.405527875906	0.0282059837615046	1	18
40	2	LinearDistrb	0.837608337402344	NaN	1.6644957780838	149.973204297252	0.0527752481966432	2	17
40	3	DN	1.07741928100586	0	NaN	153.40193560548	0.0285084786933698	1	22
40	4	dDNb	0.834335066812855	0	1.74332393424411	150.041438083632	0.0658752960232825	1	27
40	5	dDNd	0.84044075012207	0	1.88716011047363	150.053556597131	0.0616210545221593	2	23
41	1	McFadden	0.454488051589578	NaN	NaN	110.951520886048	0.0218310944173417	2	22
41	2	LinearDistrb	0.451164585768502	NaN	0.00249990887062346	110.942658828969	0.0158365411758791	1	23
41	3	DN	0.452982594606567	5.32484862103555e-06	NaN	110.935679946046	0.0220261661347718	1	19
41	4	dDNb	0.4561767578125	0	0.0562988281250001	110.977412251411	0.0196917430861511	2	15
41	5	dDNd	0.45482027460821	0	0.0161441278178245	110.955626108525	0.0167669464650708	1	22
42	1	McFadden	0.976668000221252	NaN	NaN	187.670325103311	0.0214916404144682	2	17
42	2	LinearDistrb	4.88758087158203e-06	NaN	2.08465051651001	176.187324841344	0.0248037149330876	2	16
42	3	DN	0.985462561828598	4.30407978035952e-07	NaN	187.640548451441	0.0229662248133949	1	21
42	4	dDNb	0.0472880192974117	0.000165589561220258	2.07944981805631	176.170918963042	0.023785052571519	1	29
42	5	dDNd	0.0107081552802128	1.3586031855084e-08	2.15127287832065	176.185745849386	0.0221729384634968	1	21
43	1	McFadden	0.481794418767095	NaN	NaN	124.2994293232	0.0420375471545823	1	20
43	2	LinearDistrb	0.449818751338171	NaN	0.611834724136861	123.81637592519	0.0357648353166485	1	25
43	3	DN	0.477118033450097	0	NaN	124.320200239747	0.0424003207168579	1	21
43	4	dDNb	0.457215309143066	0	0.647988986968994	123.857954530304	0.0393345918073069	2	23
43	5	dDNd	0.450177634833381	0	0.579763141437434	123.847043948496	0.0345591549502267	1	34
44	1	McFadden	1.85104135557231	NaN	NaN	263.072870996282	0.0301375902072555	2	16
44	2	LinearDistrb	0.0889072418212891	NaN	3.99999988079071	232.459103527916	0.0288917361686797	2	17
44	3	DN	9.31322574615479e-10	0.389409452583641	NaN	260.531279862255	0.0291622808053088	2	19
44	4	dDNb	0.014502631733194	0.0154295311775059	3.99920794391073	231.309819704706	0.0281126895618747	1	24
44	5	dDNd	0.0252806721059642	0.0146664742207576	3.99990500900822	231.437697512806	0.0276170621217207	1	32
45	1	McFadden	14.5758711671951	NaN	NaN	274.015431492768	0.0298971962681601	1	25
45	2	LinearDistrb	15.5907624929769	NaN	2.05639959861983	274.029263147554	0.0274189689838266	2	25
45	3	DN	0.000523517839610577	1.57465578643605	NaN	273.940349882325	0.0315621971251053	2	20
45	4	dDNb	0.00510654752656592	1.41064906402432	3.99998398722053	273.958966066625	0.0274365771643851	2	14
45	5	dDNd	0.000158309936523438	1.44122924804687	1.8807674407959	273.999930873607	0.0279661529551052	1	20
46	1	McFadden	0.716457811315365	NaN	NaN	220.12438501282	0.0327181446281913	1	19
46	2	LinearDistrb	0.64203429554118	NaN	0.873206689928065	219.774538264425	0.031275249667003	1	25
46	3	DN	0.705988601673198	0	NaN	220.098552023238	0.0253765620997931	1	27
46	4	dDNb	0.658599853515625	0	0.844279479980469	219.785321087941	0.028746206467572	2	14
46	5	dDNd	0.660110473632812	0	0.657209777832031	219.790548431127	0.0379627427256859	2	14
47	1	McFadden	0.221883855760098	NaN	NaN	143.191596818494	0.0142284691748949	2	22
47	2	LinearDistrb	0.224194559574244	NaN	3.05486610163719e-06	143.215984711886	0.0212562499543154	1	33
47	3	DN	0.062202177795939	0.0172541065742507	NaN	143.142524787592	0.020160683217401	1	27
47	4	dDNb	0.00299072265625	0.0234130859375	4.88281249999556e-05	143.130356021591	0.0206513409885013	2	26
47	5	dDNd	0.028435230255127	0.0208744764328003	1.19209289550781e-07	143.132776170507	0.0214838079749007	1	21
48	1	McFadden	6.099853515625	NaN	NaN	263.708444914794	0.0277927229839184	2	10
48	2	LinearDistrb	0.389851093292236	NaN	1.17057428359985	207.461382165041	0.0234669485042258	2	17
48	3	DN	4.88758087158203e-06	0.197593140602112	NaN	202.425500916417	0.0218282366070478	2	11
48	4	dDNb	4.70317900180817e-08	0.195229493793158	2.91033863675239e-12	202.399053665496	0.0237534520519107	1	24
48	5	dDNd	2.11002770811319e-10	0.191609569838329	0.506633169158886	202.341695563936	0.0281508950889347	1	31
49	1	McFadden	0.383549608590897	NaN	NaN	73.1432053825911	0.0184006744096393	1	19
49	2	LinearDistrb	0.379773162305355	NaN	1.19209289106692e-08	73.1396649274823	0.0151767529869444	2	18
49	3	DN	1.66893005371094e-05	0.0383760452270507	NaN	71.6203650407835	0.0151015427373994	2	18
49	4	dDNb	9.31322574615479e-10	0.037730217538774	1.86264559332017e-10	71.6207213941338	0.0181673106988018	1	28
49	5	dDNd	0.00072479248046875	0.0374801635742188	7.62939453125e-06	71.6262469332713	0.013586087745157	2	18
50	1	McFadden	4.40772294998169	NaN	NaN	251.910389157574	0.0262464210695148	2	13
50	2	LinearDistrb	0.87291857553646	NaN	1.86264559332017e-10	218.276492007972	0.0245752764593987	2	20
50	3	DN	0.00072479248046875	0.144003295898438	NaN	216.840627030418	0.025711262087674	2	11
50	4	dDNb	1.66893005371094e-05	0.145339107513428	7.62939453169409e-07	216.871128876716	0.0214773420155836	2	27
50	5	dDNd	0.000158309936523438	0.143172836303711	7.62939453169409e-07	216.847487036757	0.022706498115249	1	19
51	1	McFadden	1.97244026966473	NaN	NaN	190.617876549926	0.0293360713486279	1	20
51	2	LinearDistrb	2.01022720336914	NaN	7.62939453169409e-07	190.616630645326	0.021016678896487	2	11
51	3	DN	1.97929709003984	2.9116879977642e-05	NaN	190.618026806839	0.0302031466941979	1	18
51	4	dDNb	2.00758361816406	0	7.62939453125e-06	190.586487468697	0.0373497954417238	1	24
51	5	dDNd	2.02123820781708	0	0.0070313692092896	190.634697782486	0.0281404115895134	2	17
52	1	McFadden	0.789554696142147	NaN	NaN	191.967356292024	0.0218841111511709	1	20
52	2	LinearDistrb	0.768447862938046	NaN	1.86264514923096e-09	191.938212584428	0.0255210765750694	1	20
52	3	DN	0.0171024546626768	0.101980297497175	NaN	191.259473734016	0.0303681160046733	1	22
52	4	dDNb	0.000232345207876961	0.100404237090316	5.78512720172952e-07	191.271843047126	0.0318221530410083	1	21
52	5	dDNd	1.9371509552002e-06	0.102729654312134	1.19209289106692e-08	191.244368926977	0.0300271645728647	2	24
53	1	McFadden	0.0824230967245967	NaN	NaN	65.5915884276639	0.01586299970077	1	23
53	2	LinearDistrb	0.0818793177604675	NaN	0.0192199170589447	65.5689827807645	0.0165348047640621	2	23
53	3	DN	0.0819163220294286	0	NaN	65.5950354222826	0.0154392682702581	1	17
53	4	dDNb	0.0826523303985596	0	0.0295938968658447	65.598478185128	0.0143872333315658	1	25
53	5	dDNd	0.0831243991851807	0	0.038739585876465	65.5833254727783	0.0150513823046508	2	22
54	1	McFadden	0.425282875308767	NaN	NaN	82.2894423230915	0.0160239125291992	1	19
54	2	LinearDistrb	0.344907885883003	NaN	0.594715537829325	81.4016114053312	0.017041549672902	2	27
54	3	DN	0.429425947368145	0	NaN	82.2983545613276	0.0134327369581334	2	23
54	4	dDNb	0.339626053087613	0	0.603753277965734	81.4023841075539	0.0168544280665342	1	20
54	5	dDNd	0.128969099727101	0.0218049430239944	0.577651987319428	81.4024571969643	0.0201877742163617	1	28
55	1	McFadden	1.21253716945648	NaN	NaN	192.594957840402	0.0243855495435798	2	9
55	2	LinearDistrb	1.18015842259047	NaN	6.32862793281674e-07	192.586977229388	0.0302959429176579	1	21
55	3	DN	9.31322574615479e-10	0.12200416889973	NaN	189.53938332436	0.0233354161492178	1	22
55	4	dDNb	0.000418052935856394	0.121728848817293	2.97348437017231e-05	189.575193967337	0.0291804759956246	1	21
55	5	dDNd	0.000158309936523438	0.123831939697266	7.62939453169409e-07	189.598754027033	0.0378841160428264	2	17
56	1	McFadden	5.05620384216309	NaN	NaN	263.253949281066	0.030670538455067	2	14
56	2	LinearDistrb	0.541526794433594	NaN	7.62939453169409e-07	224.712412693267	0.0307613843958406	2	27
56	3	DN	1.66893005371094e-05	0.120940685272217	NaN	224.162634272561	0.0260013568848538	2	18
56	4	dDNb	1.66893005371094e-05	0.122308540344238	7.62939453169409e-07	224.106336417746	0.0246829421191206	2	23
56	5	dDNd	0.000271348282694817	0.123111626878381	0.058139168843627	224.106759782286	0.0268574995299737	1	24
57	1	McFadden	0.374920776928775	NaN	NaN	133.270938315269	0.0566370188861759	2	20
57	2	LinearDistrb	0.343635559082031	NaN	0.960350036621094	133.179571093342	0.0299808278368937	1	20
57	3	DN	0.384704264230095	0	NaN	133.339790912082	0.0525641399318378	2	21
57	4	dDNb	0.322392463684082	0.000442600250244118	0.926636600494385	133.129673408307	0.0385455758167071	2	15
57	5	dDNd	0.312195777893066	0	1.15080919265747	133.14055750262	0.0390220255035529	2	16
58	1	McFadden	1.07264274242334	NaN	NaN	142.185729167358	0.0225855108001671	1	23
58	2	LinearDistrb	0.817020940345891	NaN	1.3548638424757	141.388519106453	0.0270778022485193	1	30
58	3	DN	1.06115651130676	0	NaN	142.144623989585	0.0205155530062858	2	19
58	4	dDNb	0.858855761201994	0	1.19788136276766	141.354395191159	0.0182989691280244	2	30
58	5	dDNd	0.909623415199299	0	1.0831212669769	141.375251424444	0.0207556097495605	1	24
59	1	McFadden	0.450596572831273	NaN	NaN	152.921208783338	0.0205828432021541	2	19
59	2	LinearDistrb	0.271673178882338	NaN	1.52334024924203	150.309780281475	0.0244023529440289	1	32
59	3	DN	0.0270906071164063	0.0641184384439839	NaN	152.540976127157	0.0201941656636328	2	20
59	4	dDNb	0.225540834304979	0.0108603877314011	1.38875650876319	150.311867746648	0.0182091026882393	2	21
59	5	dDNd	0.271994914044626	0	1.4996441999916	150.313381810558	0.0204541941976396	2	22
60	1	McFadden	0.39820671081543	NaN	NaN	104.639356490882	0.0216757846775448	2	16
60	2	LinearDistrb	0.400661468505859	NaN	7.62939453169409e-07	104.656069178081	0.0198345319718958	2	16
60	3	DN	4.88758087158203e-06	0.0451417207717896	NaN	102.201491397747	0.0235278161248327	2	17
60	4	dDNb	1.9371509552002e-06	0.0462323248386383	1.19209289106692e-08	102.175482056759	0.0180901506837678	1	27
60	5	dDNd	3.09228198602796e-11	0.0454221070562199	2.91033863675239e-12	102.176322225183	0.0162948892152991	1	20
61	1	McFadden	0.659503624907302	NaN	NaN	156.798150267948	0.0380447404961737	2	19
61	2	LinearDistrb	0.657856345176697	NaN	0.687124347686768	156.785681405566	0.0285966728448163	2	20
61	3	DN	0.675147342582932	0	NaN	156.826444936976	0.0304240395016076	1	18
61	4	dDNb	0.673375606536865	0	0.0141997337341309	156.828289930555	0.0427036556308474	1	26
61	5	dDNd	0.666427344083786	0	0.523389112949371	156.747596248469	0.0338729278490745	2	18
62	1	McFadden	0.398244982847245	NaN	NaN	114.222637208879	0.0203681689969323	1	19
62	2	LinearDistrb	0.173627038951963	NaN	1.22861713245511	111.379765123166	0.0187176066272619	1	20
62	3	DN	0.41054480530596	0	NaN	114.236418023049	0.0183666195163667	1	20
62	4	dDNb	0.163601126580033	0	1.25585908035864	111.374487439672	0.0198741769082446	1	25
62	5	dDNd	0.183776010196425	0	1.20553476660218	111.366650465679	0.0183524038740979	1	20
63	1	McFadden	0.722494644349354	NaN	NaN	126.141209101822	0.0247084647372951	1	22
63	2	LinearDistrb	0.726686924695969	NaN	0.0400444805622102	126.137109698443	0.0229234222466567	2	17
63	3	DN	0.732809066772461	0	NaN	126.147400630236	0.0191605496741117	2	16
63	4	dDNb	0.71914862362064	0	0.0001054617077898	126.170249367467	0.022139009118092	1	22
63	5	dDNd	0.733517169952393	0	1.19209289550781e-07	126.15813004741	0.0221665266557756	2	18
64	1	McFadden	1.48479517217493	NaN	NaN	226.282950544908	0.0236793026474929	1	21
64	2	LinearDistrb	1.2301010787487	NaN	3.99999998807907	212.197309736734	0.0255622360652949	2	19
64	3	DN	1.41751178340928	0	NaN	226.375376778558	0.0339033034398547	1	21
64	4	dDNb	1.30743658079882	0	3.9999999999709	210.508671122289	0.0243615247458278	2	27
64	5	dDNd	1.22498484121843	0	3.99999939389954	212.190380794961	0.0249178757294756	1	23
65	1	McFadden	0.989588250486122	NaN	NaN	166.655822439744	0.0213494328983024	1	22
65	2	LinearDistrb	0.917093409167137	NaN	1.05416876043892	166.073290643232	0.0318621445301553	1	28
65	3	DN	0.197303270921111	0.0810603442369029	NaN	166.349937407636	0.0165211886475833	2	26
65	4	dDNb	4.88758087158203e-06	0.071619963645935	1.72412793636322	164.309881822508	0.0253412538197476	2	15
65	5	dDNd	8.41282599139959e-12	0.070938019057644	1.77814565842016	164.306764703495	0.0249329835707429	1	25
66	1	McFadden	0.715848543448374	NaN	NaN	141.882233623954	0.0277894826070254	2	14
66	2	LinearDistrb	0.722990036010742	NaN	0.20325813293457	141.817985210427	0.027304096364864	2	15
66	3	DN	1.66893005371094e-05	0.0745851516723632	NaN	141.527567987529	0.0243096181189093	2	18
66	4	dDNb	3.09228198602796e-11	0.065193683808684	0.630545825193258	140.990216146904	0.0306521249560309	2	22
66	5	dDNd	4.88758087158203e-06	0.0666832685470581	0.552493333816528	140.984951799639	0.0238893142027918	2	19
67	1	McFadden	0.250623858704834	NaN	NaN	71.4249632854703	0.0444548746592327	1	19
67	2	LinearDistrb	0.162306168771465	NaN	0.772822104784427	68.4203326469824	0.0365561017159164	2	31
67	3	DN	0.0422496997507551	0.116255038589588	NaN	58.6264562580263	0.0174897735368166	2	20
67	4	dDNb	0.0464800596237183	0.11323110461235	1.19209289106692e-08	58.6227684190303	0.0185210224997491	2	27
67	5	dDNd	0.0423982334759785	0.114285088590987	2.91033863675239e-12	58.6175931374485	0.0203333493369948	1	22
68	1	McFadden	1.36152668856084	NaN	NaN	203.33948200989	0.0319454900288166	2	18
68	2	LinearDistrb	1.34593200683594	NaN	7.62939453125e-06	203.272795601719	0.0252077957910876	2	17
68	3	DN	1.31753909774125	0	NaN	203.301902819125	0.0338359340593132	1	19
68	4	dDNb	1.34402415587329	0	1.37329102016803e-05	203.254314727548	0.031717134633799	2	22
68	5	dDNd	1.36405944824219	0	7.62939453125e-06	203.322165757995	0.031516871381759	2	14
69	1	McFadden	0.375655099749565	NaN	NaN	95.0723737444328	0.0194087735467494	2	20
69	2	LinearDistrb	0.161140320724371	NaN	1.08475256354359	91.3067343127649	0.0171678071664725	1	24
69	3	DN	0.383789637865178	0	NaN	95.0992948764257	0.0223374000715142	1	18
69	4	dDNb	0.169536590576172	0	1.06811218261719	91.2993319374464	0.0215294017548787	2	15
69	5	dDNd	0.163862179447165	1.07460281923988e-05	1.0506897071145	91.3089500131312	0.0199451301339686	1	28
70	1	McFadden	0.477699307220973	NaN	NaN	164.436131797317	0.0239244111862548	1	21
70	2	LinearDistrb	0.422231496893801	NaN	0.663224221672863	164.248884753407	0.0209591230727407	2	22
70	3	DN	0.486319332354469	0	NaN	164.429024836773	0.0222381645680438	1	16
70	4	dDNb	0.434314072132111	0	0.553724481165409	164.186877211741	0.0273852997112052	1	23
70	5	dDNd	0.429929733276367	0.000937271118164107	0.561433029174805	164.214762107959	0.0276783418390347	2	15
71	1	McFadden	0.555314660537988	NaN	NaN	189.137149669417	0.0236242423394459	1	22
71	2	LinearDistrb	1.66893005371094e-05	NaN	2.00649223327637	174.615268077561	0.0280972577036885	2	18
71	3	DN	0.560006074607372	0	NaN	189.081526250854	0.0256605553655005	2	18
71	4	dDNb	0.000245182617987894	2.65203567849648e-05	2.01834872696221	174.179296856363	0.0182283744752647	1	31
71	5	dDNd	1.9371509552002e-06	1.25169754006116e-07	1.99752619862556	174.284475501893	0.0196761427126063	2	12
72	1	McFadden	1.0868490509456	NaN	NaN	126.52615479457	0.0202848534370178	2	26
72	2	LinearDistrb	1.08761596679688	NaN	7.62939453169409e-07	126.504906183664	0.0223917918263167	1	20
72	3	DN	1.09046829491854	0	NaN	126.481250800985	0.0161604223120493	2	19
72	4	dDNb	1.09047841397114	0	0.082493699202314	126.538260212691	0.0222173432421809	1	23
72	5	dDNd	1.09365844726562	0	4.88281249999556e-05	126.497362161796	0.0204953632407269	2	17
73	1	McFadden	0.67974853515625	NaN	NaN	161.126415103448	0.0249880895902	2	14
73	2	LinearDistrb	1.66893005371094e-05	NaN	2.02654485702515	154.617913498606	0.016290037139248	2	13
73	3	DN	0.62681782245636	0	NaN	161.048044900994	0.0200924893162696	2	18
73	4	dDNb	0.0443439483642578	0	2.04333419799805	154.637317847531	0.0204063984554977	2	19
73	5	dDNd	0.0246690064668655	0	1.99785211384296	154.639080367006	0.015691024335069	2	19
74	1	McFadden	0.34257858634345	NaN	NaN	155.120241300218	0.0255689161202356	2	22
74	2	LinearDistrb	0.314615071358276	NaN	0.605142778163554	154.963613569179	0.0244596923374627	2	21
74	3	DN	1.9371509552002e-06	0.118194419145584	NaN	147.758195489906	0.022564675959644	2	19
74	4	dDNb	9.31322574615479e-10	0.115630988869816	0.000878906436264648	147.72834347824	0.0202922937939739	2	21
74	5	dDNd	9.31322574615479e-08	0.116846523433924	1.86264514923096e-09	147.719583506182	0.0214583984007005	1	23
75	1	McFadden	0.651046752929688	NaN	NaN	160.36605709276	0.0501517542672741	2	14
75	2	LinearDistrb	0.31746893376112	NaN	0.918509131669998	152.587910955031	0.0851627000169514	1	24
75	3	DN	0.565555095672607	0	NaN	157.497622593395	0.0843903376278673	1	18
75	4	dDNb	0.23473136452958	0.00609629703685644	0.965876909345389	152.848970940946	0.0614307342781155	1	31
75	5	dDNd	0.299624549224973	0	0.912054918706417	152.531862753821	0.09483289832948	1	27
76	1	McFadden	0.39215593226254	NaN	NaN	125.012593975662	0.0235645329902569	2	20
76	2	LinearDistrb	0.143047215882689	NaN	2.09441004581749	121.936154645104	0.0214228088415501	1	34
76	3	DN	0.0388126248362823	0.043487304582959	NaN	124.890198388843	0.0233170765354219	1	19
76	4	dDNb	9.31322574615479e-10	0.0122473062539938	1.94189486344112	119.917913102862	0.0156350080829772	1	20
76	5	dDNd	3.09228198602796e-11	0.0135225319772871	1.92219488013652	119.918071354709	0.0214372691423262	1	22
77	1	McFadden	0.560132533971647	NaN	NaN	147.319137347399	0.0186980736665558	1	21
77	2	LinearDistrb	0.565719028934836	NaN	1.86264514923096e-09	147.322594696162	0.0219325784616153	1	23
77	3	DN	0.572226755321026	0.000182831287384055	NaN	147.348028449678	0.0190096445448866	1	21
77	4	dDNb	0.558435708284378	0	0.329913169145584	147.305813486916	0.0175606781516379	1	27
77	5	dDNd	0.562836735509336	2.14157626032829e-06	1.86264559332017e-10	147.316701511396	0.0189201936966966	2	21
78	1	McFadden	0.386688232421875	NaN	NaN	126.38431951311	0.11851620975222	2	17
78	2	LinearDistrb	0.407075839284516	NaN	0.00268656590487804	126.595725089098	0.0582624025215587	1	27
78	3	DN	1.66893005371094e-05	0.0528209686279297	NaN	124.4448499214	0.0884858580532378	2	24
78	4	dDNb	1.66893005371094e-05	0.0525052070617675	0.0664929389953615	124.536569127974	0.0956256868802553	2	30
78	5	dDNd	1.66893005371094e-05	0.0531373977661133	0.183752250671387	124.630182011973	0.0988417693803351	2	15
79	1	McFadden	4.71164083480835	NaN	NaN	244.660161145288	0.0324258807505383	2	13
79	2	LinearDistrb	1.03067266941071	NaN	1.19209289550781e-07	211.275925833183	0.0196787373469444	1	28
79	3	DN	0.931850416585803	0.00497434511780737	NaN	211.377903877099	0.0250828472439033	1	19
79	4	dDNb	1.04229736328125	0	7.62939453125e-06	211.319438456377	0.0263730613598753	2	14
79	5	dDNd	1.04045629501343	0	7.62939453169409e-07	211.318753625305	0.0231944605451277	2	16
80	1	McFadden	0.244030218055741	NaN	NaN	115.701239177848	0.0206468415870525	2	24
80	2	LinearDistrb	0.206712690115637	NaN	0.314545990626175	115.001012219383	0.0172644313937051	2	22
80	3	DN	0.249439060295117	0	NaN	115.697524665797	0.0224871653148688	1	19
80	4	dDNb	0.214775481881588	0	0.305579114273496	115.011638870089	0.0193051405936936	1	25
80	5	dDNd	0.210983134975322	2.18730860069849e-05	0.305610121176142	115.011497487	0.0212871160175104	1	25
81	1	McFadden	0.716636861441657	NaN	NaN	200.983880012583	0.0293815199024786	1	21
81	2	LinearDistrb	0.695045684464276	NaN	1.86264559332017e-10	200.957476138975	0.0296251089363343	1	18
81	3	DN	0.000377655032082203	0.0771541359262699	NaN	198.06759671651	0.027687076978423	1	25
81	4	dDNb	1.66893005371094e-05	0.0768502235412598	7.62939453169409e-07	198.035672662245	0.0276846862008839	2	16
81	5	dDNd	4.57066635135561e-05	0.0764413308294024	0.0229332767601591	198.068952740745	0.0267985405647154	1	21
82	1	McFadden	0.235626220703125	NaN	NaN	115.445987144613	0.0248689643022345	2	15
82	2	LinearDistrb	0.244667075574398	NaN	1.19209289106692e-08	115.481917360989	0.0261394794527978	1	28
82	3	DN	0.170828250760678	0.0103866524616023	NaN	115.471455506283	0.0314469924189164	2	21
82	4	dDNb	0.246285464984034	0	0.0142146798382101	115.479912271026	0.0296270384222467	1	27
82	5	dDNd	0.243320941925049	0	0.0343862533569337	115.420612590017	0.0226455444707449	2	18
83	1	McFadden	0.927764624357224	NaN	NaN	184.394178467565	0.0298431582280414	2	19
83	2	LinearDistrb	0.727160468697548	NaN	1.43488208353519	182.870527425137	0.0390742903375488	2	11
83	3	DN	0.911552011966705	0	NaN	184.30227591805	0.0288295016383573	2	18
83	4	dDNb	0.735888941894245	1.84469918163011e-06	1.39440145083017	182.828841119555	0.0306143593151127	1	23
83	5	dDNd	0.766609191894531	0	1.481005859375	182.850129806651	0.0343135123582806	2	20
84	1	McFadden	0.720924112778384	NaN	NaN	147.505926087397	0.0200262194356084	1	19
84	2	LinearDistrb	0.673089414834976	NaN	0.466075670719147	147.294245447632	0.0225044677975724	2	20
84	3	DN	0.196713738143444	0.0555189192295075	NaN	146.86598966229	0.0274657751369625	2	21
84	4	dDNb	1.66893005371094e-05	0.0776826858520507	0.0147095680236817	146.857524284759	0.0190987115694695	2	18
84	5	dDNd	1.9371509552002e-06	0.0760357022285462	0.0775249183177948	146.849600649802	0.0263499761469063	2	18
85	1	McFadden	2.22372695058584	NaN	NaN	222.705950585284	0.0271755718626958	2	15
85	2	LinearDistrb	1.99985644221306	NaN	3.99999998807907	221.329335330704	0.0304154932805857	1	20
85	3	DN	1.66893005371094e-05	0.192943000793457	NaN	220.312055135646	0.03306514127651	2	23
85	4	dDNb	2.11002770811319e-10	0.170603078899148	3.93372307968821	220.039920480665	0.0257464870270141	2	18
85	5	dDNd	0.0243282318115234	0.167752838134766	3.99998550415039	220.037607886225	0.0401416152663847	1	33
86	1	McFadden	0.707152922090813	NaN	NaN	100.508363805239	0.0180559095973512	1	24
86	2	LinearDistrb	0.693217870080844	NaN	1.86264559332017e-10	100.50291311177	0.0174360970047232	1	18
86	3	DN	0.702053826202246	3.71119745046222e-07	NaN	100.511321389713	0.0184743194581893	2	21
86	4	dDNb	0.664892215096529	0.0055735830198248	0.00521081627323028	100.503677301273	0.0150654834403523	1	27
86	5	dDNd	0.639669895172119	0.00759963989257817	7.62939453169409e-07	100.504668803659	0.0186312369992439	2	14
87	1	McFadden	0.251300168118043	NaN	NaN	118.320763440403	0.0157684606923109	1	20
87	2	LinearDistrb	0.000158309936523438	NaN	1.85572891235352	88.8178887081458	0.0146265116486749	1	20
87	3	DN	0.252591553456227	6.94752162688772e-07	NaN	118.329663054181	0.0165627713846563	1	19
87	4	dDNb	0.000483813491960916	0	1.80348299118316	88.8261674235091	0.0175808978834527	1	19
87	5	dDNd	0.000730140134692192	0	1.78676036000252	88.8332126745931	0.0146524205252537	2	20
88	1	McFadden	0.568870565781367	NaN	NaN	155.127914678682	0.970736354325803	1	24
88	2	LinearDistrb	0.279088191280607	NaN	1.30102943451493	139.869664485943	0.0283606552415788	1	30
88	3	DN	0.495565734803677	0.00627285093069074	NaN	154.044360996123	0.101620244453349	1	24
88	4	dDNb	0.149196219404985	0.0103997956422972	1.31321796285047	139.754697635995	0.0214120225025845	1	22
88	5	dDNd	0.150460032746196	0.00983865819871421	1.33880513198674	139.736323068197	0.0243013773228186	2	17
89	1	McFadden	0.549686093296259	NaN	NaN	149.303692793542	0.0180413939872099	2	19
89	2	LinearDistrb	0.56251859042095	NaN	0.0763666413753528	149.301543065448	0.0219790630033931	1	20
89	3	DN	0.00072479248046875	0.0540573120117187	NaN	148.117858882443	0.0209363804875857	2	17
89	4	dDNb	9.31322574615479e-10	0.0544031098776031	2.91038304567337e-11	148.107250739897	0.0193364686014808	1	30
89	5	dDNd	0.00072479248046875	0.0550079345703125	7.62939453125e-06	148.122120519731	0.0205664656039809	2	17
90	1	McFadden	0.66007678031383	NaN	NaN	148.268531539086	0.0163152683720563	1	19
90	2	LinearDistrb	0.660110473632812	NaN	0.260018825531006	148.219771482336	0.0195568160817659	2	11
90	3	DN	0.64447793039507	0.00130287507304838	NaN	148.224233201806	0.024709002714521	1	18
90	4	dDNb	0.66096878870303	3.15140627208388e-05	0.185515591098738	148.236505205941	0.0189684035763303	1	28
90	5	dDNd	0.639717102050781	0	0.135235595703125	148.255400200826	0.0198055168206583	2	14
91	1	McFadden	1.2375295081838	NaN	NaN	184.736667916016	0.0228404206417511	1	20
91	2	LinearDistrb	1.22663583914982	NaN	9.02875326569408e-06	184.693687085138	0.0252395539925331	1	22
91	3	DN	1.22543721204966	0	NaN	184.734684672645	0.024318728486034	1	19
91	4	dDNb	1.24490928649902	0	0.181769561767578	184.689396734231	0.0203930672860964	2	16
91	5	dDNd	1.23453031945974	0	1.86264559332017e-10	184.695174056754	0.029922443962399	1	17
92	1	McFadden	1.48867146659177	NaN	NaN	205.105937983936	0.0254006921305501	2	20
92	2	LinearDistrb	0.61227810382843	NaN	1.19209289550781e-07	185.456642068697	0.0232442893921611	2	21
92	3	DN	0.615052954712155	0	NaN	185.424876550153	0.0221959103214316	1	19
92	4	dDNb	0.608377635478973	0.00047451853752134	0.00972983241081238	185.422779319474	0.0265788169827847	1	27
92	5	dDNd	0.615547180175781	0	7.62939453125e-06	185.40732760825	0.020359400020667	2	20
93	1	McFadden	3.66926574707031	NaN	NaN	226.705711954007	0.0211722388104538	2	12
93	2	LinearDistrb	0.0418630862841383	NaN	2.55143460559193	174.244868286342	0.0210430249841999	1	22
93	3	DN	9.31322574615479e-10	0.0921669379808009	NaN	197.772926730178	0.0241254749284172	2	17
93	4	dDNb	0.033203125	0	2.580078125	174.249904986094	0.0247294150674261	2	13
93	5	dDNd	0.0556735992431641	0	2.53368148803711	174.250536769989	0.0266774106713402	2	15
94	1	McFadden	0.887411594390869	NaN	NaN	167.924084929332	0.021131026594388	1	20
94	2	LinearDistrb	0.773430585861206	NaN	1.19209289550781e-07	167.593749908014	0.0268815971277045	2	19
94	3	DN	9.31322574615479e-08	0.0789484571665525	NaN	167.085187438967	0.0237900246429666	1	18
94	4	dDNb	1.49213974509621e-13	0.0772383003561149	5.50176248004242e-06	167.046377840867	0.0271533285135888	1	17
94	5	dDNd	1.9371509552002e-06	0.0766872525215149	1.19209289106692e-08	167.054955323798	0.0211607816366366	2	18
95	1	McFadden	0.182781061590617	NaN	NaN	99.3434088015785	0.0254675970645031	1	26
95	2	LinearDistrb	0.179055941352232	NaN	0.0883826124989271	99.3648033017861	0.0201965623683054	1	29
95	3	DN	0.0792569347101733	0.0116285476097516	NaN	99.168592702388	0.0147972243936066	1	28
95	4	dDNb	0.0900402069091797	0.0100830078125	7.62939453169409e-07	99.1720999966595	0.0214150095781967	2	18
95	5	dDNd	4.85031250718748e-07	0.0200010455731444	0.0320337702427425	99.3449958446428	0.0200131056738416	2	33
96	1	McFadden	1.53709998747217	NaN	NaN	191.969297786785	0.0231200815602917	1	21
96	2	LinearDistrb	1.49826267298522	NaN	2.91033863675239e-12	191.958646281466	0.0305169119067433	2	20
96	3	DN	1.4889098405838	0.00066907405853267	NaN	191.968731363518	0.0391470194018008	2	11
96	4	dDNb	1.48711597919464	0	0.00888960361480717	191.94565808266	0.0345954800921339	2	18
96	5	dDNd	1.5196533203125	0	4.88281249999556e-05	191.92803869758	0.0321776667791847	1	19
97	1	McFadden	0.85822594165802	NaN	NaN	182.534424280487	0.0302528026387053	2	19
97	2	LinearDistrb	0.858659948746208	NaN	0.0515909261186607	182.542443637722	0.0276783383641208	1	27
97	3	DN	0.000158309936523438	0.139928436279297	NaN	182.086199224723	0.0281552157798535	2	20
97	4	dDNb	0.0697397392941639	0.130390605167486	0.00103322062641387	182.065788390607	0.0259392365898898	1	25
97	5	dDNd	0.0358628711116751	0.138442444590112	0.00748996657652579	182.046409685951	0.0270094395214787	1	32
98	1	McFadden	0.279136720666429	NaN	NaN	124.877556466334	0.0222868391485589	1	20
98	2	LinearDistrb	0.280220678076148	NaN	1.86264514923096e-09	124.839108484069	0.0213564287202532	1	18
98	3	DN	0.275573382154107	0.000659853871911809	NaN	124.866204378995	0.0217546636187282	1	19
98	4	dDNb	0.186057978135068	0.00961269651888874	0.0163760218652897	124.847599835186	0.0205821343954239	1	32
98	5	dDNd	0.188686550702101	0.00898381894340905	0.00975870560597514	124.830247433188	0.0274058294730522	1	27
99	1	McFadden	0.333799777362763	NaN	NaN	98.4273367216506	0.0227547433378805	1	25
99	2	LinearDistrb	0.326838761568069	NaN	0.635781663656235	98.4128511424339	0.0199702515186327	2	21
99	3	DN	0.338537216186523	0	NaN	98.4404333704612	0.0200256384533254	2	17
99	4	dDNb	0.33515808168746	0	0.364630336213485	98.4237154699193	0.015951822517818	1	24
99	5	dDNd	0.315271239300273	0	0.855282346075182	98.4180809607401	0.0213691020169867	2	23
100	1	McFadden	0.199782404233702	NaN	NaN	167.008499974592	0.0244709934034742	1	25
100	2	LinearDistrb	0.201545804738998	NaN	1.19209289106692e-08	166.958114167546	0.0244964863249233	1	31
100	3	DN	8.41282599139959e-12	0.0166637613084731	NaN	166.845710335824	0.0264843651173132	1	22
100	4	dDNb	3.09228198602796e-11	0.0163214028525545	6.53818206046708e-05	166.775466747728	0.0243604912148344	1	22
100	5	dDNd	0.00299072265625	0.0162353515625	4.88281249999556e-05	166.816301457708	0.0274433546200709	2	13
101	1	McFadden	0.637966313579909	NaN	NaN	94.3747772079059	0.0177489779519287	1	24
101	2	LinearDistrb	9.31322574615479e-10	NaN	2.79189389757812	89.2347531427733	0.0189532402823871	2	15
101	3	DN	0.631811717539676	0	NaN	94.3702611572657	0.0195134742320882	1	18
101	4	dDNb	1.70016573974863e-06	0.00816552585165486	2.68740602596663	88.3111523925402	0.0185379146142926	2	24
101	5	dDNd	0.00072479248046875	0	2.70438842773437	89.2403955966975	0.0188915846840889	2	16
102	1	McFadden	0.434168733835577	NaN	NaN	156.387635786285	0.0227702481557065	2	22
102	2	LinearDistrb	0.432573318481445	NaN	7.62939453169409e-07	156.33933644464	0.0187099546102766	2	16
102	3	DN	0.430738335475326	0.000233491137623831	NaN	156.360617482071	0.0218866407103304	1	20
102	4	dDNb	0.422754287719727	0	0.00894432067871098	156.345020923919	0.0170846844326063	2	19
102	5	dDNd	0.42862269282341	0	0.0555260837078095	156.368987851199	0.0248094781171917	1	26
