subID	modeli	eta	Mp	wp	nll
1	1	2.73E+00	NaN	NaN	2.51E+02
1	2	2.73E+00	NaN	NaN	2.49E+02
1	3	1	8.89E+00	-4.30E-01	2.42E+02
1	4	1	7.02E+00	-3.29E-01	2.45E+02
1	5	1	7.02E+00	-3.29E-01	2.41E+02
1	6	1	7.02E+00	-3.29E-01	2.45E+02
1	7	1	7.02E+00	-3.29E-01	2.41E+02
2	1	7.44E+01	NaN	NaN	3.49E+02
2	2	7.44E+01	NaN	NaN	3.49E+02
2	3	1	3.07E+02	-1.39E+00	3.40E+02
2	4	1	3.07E+02	-1.39E+00	3.39E+02
2	5	1	3.07E+02	-1.39E+00	3.42E+02
2	6	1	3.07E+02	-1.39E+00	3.39E+02
2	7	1	2.42E+02	-1.04E+00	3.42E+02
3	1	7.02E+00	NaN	NaN	1.85E+02
3	2	7.02E+00	NaN	NaN	1.92E+02
3	3	1	1.70E+00	2.28E-01	1.80E+02
3	4	1	-2.73E+00	3.29E-01	1.90E+02
3	5	1	-1.06E+00	2.78E-01	1.88E+02
3	6	1	5.54E+00	7.59E-02	1.92E+02
3	7	1	-1.34E+00	2.78E-01	1.88E+02
4	1	1.13E+01	NaN	NaN	1.26E+02
4	2	8.89E+00	NaN	NaN	1.25E+02
4	3	1	1.13E+01	-2.53E-02	1.25E+02
4	4	1	1.13E+01	-2.53E-02	1.25E+02
4	5	1	1.13E+01	-2.53E-02	1.25E+02
4	6	1	1.13E+01	-2.53E-02	1.25E+02
4	7	1	1.13E+01	-2.53E-02	1.25E+02
5	1	5.54E+00	NaN	NaN	1.53E+02
5	2	4.38E+00	NaN	NaN	1.52E+02
5	3	1	1.43E+01	-1.27E-01	1.48E+02
5	4	1	-1.06E+00	2.53E-02	1.44E+02
5	5	1	-8.38E-01	2.53E-02	1.44E+02
5	6	1	-1.06E+00	2.53E-02	1.44E+02
5	7	1	-8.38E-01	2.53E-02	1.43E+02
6	1	3.67E+01	NaN	NaN	2.49E+02
6	2	3.67E+01	NaN	NaN	2.48E+02
6	3	1	-1.13E+01	3.80E-01	2.38E+02
6	4	1	-1.80E+01	4.30E-01	2.36E+02
6	5	1	-2.29E+01	4.81E-01	2.37E+02
6	6	1	-1.80E+01	4.30E-01	2.36E+02
6	7	1	-1.80E+01	4.30E-01	2.37E+02
7	1	5.88E+01	NaN	NaN	2.86E+02
7	2	5.88E+01	NaN	NaN	2.87E+02
7	3	1	9.43E+01	-2.28E-01	2.85E+02
7	4	1	-1.19E+02	9.87E-01	2.70E+02
7	5	1	-1.19E+02	9.87E-01	2.71E+02
7	6	1	-1.19E+02	9.87E-01	2.71E+02
7	7	1	-1.19E+02	9.87E-01	2.71E+02
8	1	1.43E+01	NaN	NaN	1.61E+02
8	2	1.80E+01	NaN	NaN	1.71E+02
8	3	1	2.15E+00	1.27E-01	1.64E+02
8	4	1	3.67E+01	-2.28E-01	1.62E+02
8	5	1	1.13E+01	2.53E-02	1.61E+02
8	6	1	3.67E+01	-2.28E-01	1.62E+02
8	7	1	4.64E+01	-3.29E-01	1.63E+02
9	1	8.89E+00	NaN	NaN	1.92E+02
9	2	7.02E+00	NaN	NaN	1.87E+02
9	3	1	-8.38E-01	1.77E-01	1.89E+02
9	4	1	-8.89E+00	2.78E-01	1.72E+02
9	5	1	-8.89E+00	2.78E-01	1.71E+02
9	6	1	-8.89E+00	2.78E-01	1.74E+02
9	7	1	-8.89E+00	2.78E-01	1.71E+02
10	1	2.89E+01	NaN	NaN	3.53E+02
10	2	2.89E+01	NaN	NaN	3.54E+02
10	3	1	3.67E+01	-2.28E-01	3.53E+02
10	4	1	-4.64E+01	1.80E+00	3.52E+02
10	5	1	-3.67E+01	1.34E+00	3.50E+02
10	6	1	3.26E-01	7.34E-01	3.52E+02
10	7	1	-3.67E+01	1.34E+00	3.50E+02
11	1	1000	NaN	NaN	3.95E+02
11	2	4.92E+02	NaN	NaN	3.95E+02
11	3	1	5.88E+01	-1.54E+00	3.03E+02
11	4	1	4.64E+01	-1.24E+00	3.08E+02
11	5	1	4.64E+01	-1.24E+00	3.08E+02
11	6	1	4.64E+01	-1.24E+00	3.04E+02
11	7	1	4.64E+01	-1.24E+00	3.03E+02
12	1	1.19E+02	NaN	NaN	3.75E+02
12	2	9.43E+01	NaN	NaN	3.75E+02
12	3	1	-1.51E+02	1.80E+00	3.55E+02
12	4	1	-1.51E+02	1.90E+00	3.62E+02
12	5	1	-1.51E+02	1.95E+00	3.61E+02
12	6	1	-1.51E+02	1.90E+00	3.62E+02
12	7	1	-1.19E+02	1.65E+00	3.60E+02
13	1	1.91E+02	NaN	NaN	3.52E+02
13	2	1.51E+02	NaN	NaN	3.51E+02
13	3	1	4.92E+02	-1.90E+00	3.51E+02
13	4	1	4.92E+02	-2	3.50E+02
13	5	1	4.92E+02	-2	3.50E+02
13	6	1	4.92E+02	-1.95E+00	3.50E+02
13	7	1	3.89E+02	-1.29E+00	3.51E+02
14	1	1.13E+01	NaN	NaN	1.69E+02
14	2	8.89E+00	NaN	NaN	1.69E+02
14	3	1	2.29E+01	-1.77E-01	1.61E+02
14	4	1	1.80E+01	-1.27E-01	1.63E+02
14	5	1	1.80E+01	-1.27E-01	1.62E+02
14	6	1	1.80E+01	-1.27E-01	1.62E+02
14	7	1	1.80E+01	-1.27E-01	1.62E+02
15	1	1.80E+01	NaN	NaN	3.28E+02
15	2	1.80E+01	NaN	NaN	3.28E+02
15	3	1	-1.43E+01	8.86E-01	3.17E+02
15	4	1	-1.13E+01	7.85E-01	3.16E+02
15	5	1	-7.02E+00	6.84E-01	3.20E+02
15	6	1	-1.13E+01	7.85E-01	3.16E+02
15	7	1	-7.02E+00	6.84E-01	3.20E+02
16	1	1.43E+01	NaN	NaN	3.34E+02
16	2	1.43E+01	NaN	NaN	3.34E+02
16	3	1	3.67E+01	-6.33E-01	3.30E+02
16	4	1	2.89E+01	-4.81E-01	3.28E+02
16	5	1	2.89E+01	-4.81E-01	3.31E+02
16	6	1	2.89E+01	-4.81E-01	3.28E+02
16	7	1	2.89E+01	-4.30E-01	3.31E+02
17	1	3.67E+01	NaN	NaN	2.62E+02
17	2	3.67E+01	NaN	NaN	2.61E+02
17	3	1	-1.13E+01	4.30E-01	2.44E+02
17	4	1	-3.67E+01	6.33E-01	2.48E+02
17	5	1	-1.43E+01	4.81E-01	2.46E+02
17	6	1	-3.67E+01	6.33E-01	2.48E+02
17	7	1	-1.13E+01	4.30E-01	2.45E+02
18	1	4.64E+01	NaN	NaN	2.44E+02
18	2	4.64E+01	NaN	NaN	2.45E+02
18	3	1	1.80E+01	2.28E-01	2.42E+02
18	4	1	1.34E+00	3.80E-01	2.42E+02
18	5	1	1.80E+01	2.28E-01	2.43E+02
18	6	1	1.00E-01	3.80E-01	2.42E+02
18	7	1	1.80E+01	2.28E-01	2.43E+02
19	1	2.73E+00	NaN	NaN	2.25E+02
19	2	2.15E+00	NaN	NaN	2.24E+02
19	3	1	4.38E+00	-1.77E-01	2.23E+02
19	4	1	-8.38E-01	1.77E-01	2.15E+02
19	5	1	4.38E+00	-2.28E-01	2.20E+02
19	6	1	-1.27E-01	2.53E-02	2.09E+02
19	7	1	4.38E+00	-2.28E-01	2.21E+02
20	1	9.43E+01	NaN	NaN	3.69E+02
20	2	9.43E+01	NaN	NaN	3.68E+02
20	3	1	-1.19E+02	1.90E+00	3.54E+02
20	4	1	-1.19E+02	1.75E+00	3.55E+02
20	5	1	-7.44E+01	1.44E+00	3.56E+02
20	6	1	-1.19E+02	1.80E+00	3.55E+02
20	7	1	-7.44E+01	1.44E+00	3.56E+02
21	1	4.12E-01	NaN	NaN	3.86E+02
21	2	4.12E-01	NaN	NaN	3.86E+02
21	3	1	5.22E-01	-1.95E+00	3.77E+02
21	4	1	-2.03E-01	1.65E+00	3.52E+02
21	5	1	-2.03E-01	1.65E+00	3.58E+02
21	6	1	-1.60E-01	1.29E+00	3.51E+02
21	7	1	-2.03E-01	1.75E+00	3.57E+02
22	1	4.38E+00	NaN	NaN	3.50E+02
22	2	2.73E+00	NaN	NaN	3.49E+02
22	3	1	1.06E+00	5.82E-01	3.48E+02
22	4	1	4.38E+00	-3.29E-01	3.43E+02
22	5	1	4.38E+00	-4.30E-01	3.45E+02
22	6	1	4.38E+00	-3.29E-01	3.45E+02
22	7	1	4.38E+00	-3.80E-01	3.46E+02
23	1	2.89E+01	NaN	NaN	2.14E+02
23	2	2.89E+01	NaN	NaN	2.16E+02
23	3	1	7.44E+01	-3.80E-01	1.98E+02
23	4	1	7.44E+01	-3.80E-01	2.03E+02
23	5	1	7.44E+01	-3.80E-01	2.00E+02
23	6	1	7.44E+01	-3.80E-01	2.03E+02
23	7	1	7.44E+01	-3.80E-01	2.00E+02
24	1	5.88E+01	NaN	NaN	3.60E+02
24	2	2.15E+00	NaN	NaN	2.52E+02
24	3	1	-7.02E+00	1.19E+00	2.93E+02
24	4	1	-1.06E+00	4.30E-01	2.40E+02
24	5	1	2.03E-01	2.53E-02	2.46E+02
24	6	1	2.15E+00	-2.53E-02	2.44E+02
24	7	1	1.27E-01	7.59E-02	2.45E+02
25	1	2.89E+01	NaN	NaN	2.69E+02
25	2	2.89E+01	NaN	NaN	2.70E+02
25	3	1	5.88E+01	-2.78E-01	2.67E+02
25	4	1	7.44E+01	-4.30E-01	2.66E+02
25	5	1	7.44E+01	-4.30E-01	2.67E+02
25	6	1	7.44E+01	-4.30E-01	2.66E+02
25	7	1	7.44E+01	-4.30E-01	2.66E+02
26	1	1.13E+01	NaN	NaN	1.19E+02
26	2	8.89E+00	NaN	NaN	1.19E+02
26	3	1	-1.06E+00	1.77E-01	1.10E+02
26	4	1	-1.06E+00	1.77E-01	1.13E+02
26	5	1	-1.70E+00	1.77E-01	1.11E+02
26	6	1	-1.34E+00	1.77E-01	1.13E+02
26	7	1	-1.70E+00	1.77E-01	1.11E+02
27	1	4.64E+01	NaN	NaN	3.46E+02
27	2	3.67E+01	NaN	NaN	3.46E+02
27	3	1	1.51E+02	-1.29E+00	3.41E+02
27	4	1	4.64E+01	-7.59E-02	3.45E+02
27	5	1	9.43E+01	-6.84E-01	3.43E+02
27	6	1	4.64E+01	-7.59E-02	3.45E+02
27	7	1	7.44E+01	-4.30E-01	3.44E+02
28	1	4.38E+00	NaN	NaN	1.71E+02
28	2	3.46E+00	NaN	NaN	1.70E+02
28	3	1	1.70E+00	1.27E-01	1.71E+02
28	4	1	2.15E+00	7.59E-02	1.70E+02
28	5	1	2.73E+00	2.53E-02	1.70E+02
28	6	1	2.15E+00	7.59E-02	1.70E+02
28	7	1	2.73E+00	2.53E-02	1.70E+02
29	1	5.88E+01	NaN	NaN	3.51E+02
29	2	5.88E+01	NaN	NaN	3.50E+02
29	3	1	-7.44E+01	1.24E+00	3.39E+02
29	4	1	-1.19E+02	1.59E+00	3.36E+02
29	5	1	-1.19E+02	1.59E+00	3.34E+02
29	6	1	-1.19E+02	1.54E+00	3.37E+02
29	7	1	-1.19E+02	1.59E+00	3.34E+02
30	1	4.64E+01	NaN	NaN	2.19E+02
30	2	4.64E+01	NaN	NaN	2.18E+02
30	3	1	9.43E+01	-4.81E-01	2.07E+02
30	4	1	9.43E+01	-4.81E-01	2.09E+02
30	5	1	9.43E+01	-4.81E-01	2.08E+02
30	6	1	9.43E+01	-4.81E-01	2.09E+02
30	7	1	9.43E+01	-4.81E-01	2.08E+02
31	1	1000	NaN	NaN	3.69E+02
31	2	1000	NaN	NaN	3.69E+02
31	3	1	6.24E+02	-1.85E+00	3.68E+02
31	4	1	7.90E+02	1.90E+00	3.68E+02
31	5	1	7.90E+02	6.84E-01	3.68E+02
31	6	1	6.24E+02	1.34E+00	3.68E+02
31	7	1	7.90E+02	-1.14E+00	3.68E+02
32	1	8.89E+00	NaN	NaN	3.16E+02
32	2	7.02E+00	NaN	NaN	3.13E+02
32	3	1	-1.06E+00	6.84E-01	2.98E+02
32	4	1	-1.34E+00	6.33E-01	2.93E+02
32	5	1	-4.12E-01	5.82E-01	2.97E+02
32	6	1	-1.34E+00	6.84E-01	2.93E+02
32	7	1	1.27E-01	5.32E-01	2.97E+02
33	1	-1.34E+00	NaN	NaN	3.72E+02
33	2	-1.70E+00	NaN	NaN	3.72E+02
33	3	1	-1.70E+00	1.85E+00	3.71E+02
33	4	1	-1.34E+00	-1.34E+00	3.71E+02
33	5	1	-3.46E+00	1.27E-01	3.71E+02
33	6	1	-1.34E+00	-7.85E-01	3.71E+02
33	7	1	-1.06E+00	-1.80E+00	3.71E+02
34	1	4.38E+00	NaN	NaN	1.70E+02
34	2	4.38E+00	NaN	NaN	1.68E+02
34	3	1	3.46E+00	7.59E-02	1.68E+02
34	4	1	-6.61E-01	2.28E-01	1.56E+02
34	5	1	-8.38E-01	2.28E-01	1.59E+02
34	6	1	-5.22E-01	2.28E-01	1.59E+02
34	7	1	-5.22E-01	2.28E-01	1.59E+02
35	1	4.38E+00	NaN	NaN	1.63E+02
35	2	4.38E+00	NaN	NaN	1.65E+02
35	3	1	4.38E+00	2.53E-02	1.63E+02
35	4	1	7.02E+00	-1.77E-01	1.64E+02
35	5	1	4.38E+00	2.53E-02	1.64E+02
35	6	1	5.54E+00	-7.59E-02	1.64E+02
35	7	1	4.38E+00	2.53E-02	1.65E+02
36	1	3.46E+00	NaN	NaN	1.87E+02
36	2	3.46E+00	NaN	NaN	1.93E+02
36	3	1	-8.38E-01	4.30E-01	1.66E+02
36	4	1	-1.60E-01	3.29E-01	1.77E+02
36	5	1	1.27E-01	2.78E-01	1.80E+02
36	6	1	2.03E-01	3.29E-01	1.78E+02
36	7	1	2.03E-01	2.78E-01	1.80E+02
37	1	5.88E+01	NaN	NaN	3.82E+02
37	2	5.88E+01	NaN	NaN	3.83E+02
37	3	1	1.19E+02	-1.90E+00	3.80E+02
37	4	1	1.19E+02	-1.70E+00	3.82E+02
37	5	1	1.19E+02	-1.65E+00	3.80E+02
37	6	1	1.19E+02	-1.49E+00	3.82E+02
37	7	1	1.19E+02	-1.75E+00	3.80E+02
38	1	8.89E+00	NaN	NaN	2.70E+02
38	2	8.89E+00	NaN	NaN	2.73E+02
38	3	1	-2.57E-01	4.30E-01	2.68E+02
38	4	1	7.02E+00	2.53E-02	2.73E+02
38	5	1	2.03E-01	3.80E-01	2.71E+02
38	6	1	7.02E+00	2.53E-02	2.73E+02
38	7	1	2.15E+00	2.78E-01	2.72E+02
39	1	2.89E+01	NaN	NaN	2.69E+02
39	2	2.89E+01	NaN	NaN	2.69E+02
39	3	1	1.80E+01	1.27E-01	2.69E+02
39	4	1	1.13E+01	1.77E-01	2.69E+02
39	5	1	1.13E+01	1.77E-01	2.69E+02
39	6	1	1.13E+01	1.77E-01	2.69E+02
39	7	1	1.13E+01	1.77E-01	2.68E+02
40	1	1.43E+01	NaN	NaN	1.78E+02
40	2	1.43E+01	NaN	NaN	1.78E+02
40	3	1	-6.61E-01	3.29E-01	1.60E+02
40	4	1	-2.15E+00	3.80E-01	1.57E+02
40	5	1	-1.34E+00	3.29E-01	1.59E+02
40	6	1	-1.06E+00	3.29E-01	1.57E+02
40	7	1	-1.70E+00	3.29E-01	1.60E+02
41	1	5.88E+01	NaN	NaN	3.50E+02
41	2	5.88E+01	NaN	NaN	3.50E+02
41	3	1	-9.43E+01	1.75E+00	3.47E+02
41	4	1	-8.89E+00	7.34E-01	3.49E+02
41	5	1	-4.64E+01	1.19E+00	3.48E+02
41	6	1	-3.67E+01	1.04E+00	3.49E+02
41	7	1	-4.64E+01	1.19E+00	3.48E+02
42	1	3.46E+00	NaN	NaN	2.50E+02
42	2	2.73E+00	NaN	NaN	2.50E+02
42	3	1	2.73E+00	7.59E-02	2.49E+02
42	4	1	2.15E+00	7.59E-02	2.50E+02
42	5	1	3.46E+00	-2.53E-02	2.50E+02
42	6	1	2.73E+00	2.53E-02	2.50E+02
42	7	1	2.73E+00	2.53E-02	2.50E+02
43	1	8.89E+00	NaN	NaN	2.63E+02
43	2	7.02E+00	NaN	NaN	2.64E+02
43	3	1	1.80E+01	-4.30E-01	2.60E+02
43	4	1	2.29E+01	-6.84E-01	2.58E+02
43	5	1	2.29E+01	-6.84E-01	2.59E+02
43	6	1	2.29E+01	-6.84E-01	2.58E+02
43	7	1	2.29E+01	-6.84E-01	2.59E+02
44	1	3.67E+01	NaN	NaN	2.15E+02
44	2	3.67E+01	NaN	NaN	2.21E+02
44	3	1	4.64E+01	-7.59E-02	2.15E+02
44	4	1	2.89E+01	2.53E-02	2.20E+02
44	5	1	4.64E+01	-7.59E-02	2.20E+02
44	6	1	2.89E+01	2.53E-02	2.20E+02
44	7	1	4.64E+01	-7.59E-02	2.20E+02
45	1	2.29E+01	NaN	NaN	3.27E+02
45	2	2.29E+01	NaN	NaN	3.27E+02
45	3	1	-2.29E+01	9.87E-01	3.10E+02
45	4	1	-2.29E+01	1.04E+00	3.10E+02
45	5	1	-1.80E+01	8.86E-01	3.12E+02
45	6	1	-1.80E+01	8.86E-01	3.09E+02
45	7	1	-1.80E+01	8.86E-01	3.12E+02
46	1	5.54E+00	NaN	NaN	3.63E+02
46	2	4.38E+00	NaN	NaN	3.57E+02
46	3	1	-4.38E+00	1.65E+00	3.46E+02
46	4	1	-5.22E-01	6.84E-01	3.42E+02
46	5	1	1.00E-01	6.33E-01	3.44E+02
46	6	1	1.00E-01	6.33E-01	3.44E+02
46	7	1	1.00E-01	6.33E-01	3.44E+02
47	1	3.67E+01	NaN	NaN	3.69E+02
47	2	3.67E+01	NaN	NaN	3.69E+02
47	3	1	-3.67E+01	1.70E+00	3.48E+02
47	4	1	-2.29E+01	1.24E+00	3.45E+02
47	5	1	-1.80E+01	1.14E+00	3.54E+02
47	6	1	-2.29E+01	1.24E+00	3.46E+02
47	7	1	-1.43E+01	1.04E+00	3.54E+02
48	1	1.70E+00	NaN	NaN	2.66E+02
48	2	2.15E+00	NaN	NaN	2.66E+02
48	3	1	1.13E+01	-1.85E+00	2.65E+02
48	4	1	4.12E-01	2.78E-01	2.65E+02
48	5	1	-4.38E+00	1.24E+00	2.65E+02
48	6	1	-1.06E+00	5.82E-01	2.65E+02
48	7	1	2.15E+00	-2.53E-02	2.65E+02
49	1	2.89E+01	NaN	NaN	3.47E+02
49	2	2.89E+01	NaN	NaN	3.46E+02
49	3	1	-1.43E+01	1.59E+00	3.07E+02
49	4	1	-1.43E+01	1.44E+00	3.10E+02
49	5	1	-1.13E+01	1.29E+00	3.17E+02
49	6	1	-7.02E+00	1.09E+00	3.16E+02
49	7	1	1.00E-01	8.35E-01	3.21E+02
50	1	1.70E+00	NaN	NaN	2.25E+02
50	2	1.34E+00	NaN	NaN	2.25E+02
50	3	1	5.22E-01	1.27E-01	2.22E+02
50	4	1	-2.15E+00	4.30E-01	2.07E+02
50	5	1	4.12E-01	1.27E-01	2.23E+02
50	6	1	-2.15E+00	4.30E-01	2.08E+02
50	7	1	4.12E-01	1.27E-01	2.23E+02
51	1	7.02E+00	NaN	NaN	2.55E+02
51	2	5.54E+00	NaN	NaN	2.55E+02
51	3	1	1.27E-01	5.82E-01	1.98E+02
51	4	1	-1.00E-01	5.32E-01	2.01E+02
51	5	1	2.03E-01	4.81E-01	2.12E+02
51	6	1	-1.00E-01	5.32E-01	1.85E+02
51	7	1	1.00E-01	5.32E-01	2.22E+02
52	1	2.29E+01	NaN	NaN	3.48E+02
52	2	2.29E+01	NaN	NaN	3.48E+02
52	3	1	2.89E+01	-1.77E-01	3.47E+02
52	4	1	7.44E+01	-1.24E+00	3.43E+02
52	5	1	7.44E+01	-1.29E+00	3.44E+02
52	6	1	7.44E+01	-1.24E+00	3.43E+02
52	7	1	7.44E+01	-1.24E+00	3.44E+02
53	1	2.15E+00	NaN	NaN	1.60E+02
53	2	1.06E+00	NaN	NaN	1.46E+02
53	3	1	-1.00E-01	3.80E-01	1.31E+02
53	4	1	-2.57E-01	2.78E-01	1.31E+02
53	5	1	1.00E-01	2.28E-01	1.36E+02
53	6	1	-2.57E-01	2.78E-01	1.29E+02
53	7	1	1.60E-01	2.28E-01	1.36E+02
54	1	7.90E+02	NaN	NaN	3.59E+02
54	2	3.89E+02	NaN	NaN	3.58E+02
54	3	1	6.24E+02	-7.85E-01	3.58E+02
54	4	1	4.92E+02	6.33E-01	3.58E+02
54	5	1	3.89E+02	1.75E+00	3.58E+02
54	6	1	3.89E+02	1.65E+00	3.58E+02
54	7	1	4.92E+02	6.33E-01	3.58E+02
55	1	4.38E+00	NaN	NaN	2.27E+02
55	2	1.34E+00	NaN	NaN	2.32E+02
55	3	1	4.38E+00	-2.53E-02	2.26E+02
55	4	1	-2.03E-01	2.28E-01	2.30E+02
55	5	1	8.38E-01	2.53E-02	2.31E+02
55	6	1	4.12E-01	1.77E-01	2.30E+02
55	7	1	1.34E+00	-2.53E-02	2.31E+02
56	1	5.22E-01	NaN	NaN	1.83E+02
56	2	1.27E-01	NaN	NaN	2.38E+02
56	3	1	1.60E-01	2.28E-01	1.79E+02
56	4	1	1.00E-01	2.53E-02	2.28E+02
56	5	1	1.60E-01	2.53E-02	2.28E+02
56	6	1	-1.00E-01	2.28E-01	2.04E+02
56	7	1	1.00E-01	2.53E-02	2.38E+02
57	1	-7.44E+01	NaN	NaN	3.82E+02
57	2	-5.88E+01	NaN	NaN	3.82E+02
57	3	1	-2.15E+00	2	3.79E+02
57	4	1	1.80E+01	-1.75E+00	3.79E+02
57	5	1	8.89E+00	-2	3.77E+02
57	6	1	1.13E+01	-2	3.81E+02
57	7	1	8.89E+00	-2	3.74E+02
58	1	2.73E+00	NaN	NaN	2.89E+02
58	2	2.15E+00	NaN	NaN	2.90E+02
58	3	1	2.73E+00	2.53E-02	2.89E+02
58	4	1	-6.61E-01	2.78E-01	2.86E+02
58	5	1	1.70E+00	2.53E-02	2.90E+02
58	6	1	1.00E-01	2.28E-01	2.87E+02
58	7	1	2.57E-01	1.27E-01	2.90E+02
59	1	4.38E+00	NaN	NaN	2.02E+02
59	2	4.38E+00	NaN	NaN	2.05E+02
59	3	1	-3.46E+00	3.80E-01	1.82E+02
59	4	1	-3.46E+00	3.80E-01	1.83E+02
59	5	1	-3.46E+00	3.80E-01	1.83E+02
59	6	1	-2.73E+00	3.80E-01	1.84E+02
59	7	1	-2.15E+00	3.29E-01	1.84E+02
60	1	1.34E+00	NaN	NaN	1.55E+02
60	2	1.34E+00	NaN	NaN	1.58E+02
60	3	1	1.70E+00	-2.53E-02	1.55E+02
60	4	1	-1.00E-01	1.77E-01	1.56E+02
60	5	1	-1.60E-01	1.77E-01	1.58E+02
60	6	1	-1.27E-01	1.77E-01	1.56E+02
60	7	1	-1.27E-01	1.77E-01	1.57E+02