subID	modeli	name	Mp	wp	nll	nllsd	success	iterations
1	1	McFadden	0.513490334153175	NaN	104.310172805568	0.0303931339765877	2	18
1	2	LinearDistrb	0.298293772011441	NaN	99.998639380572	0.0285279198317025	1	21
1	3	DN	0.510498434305191	0	104.281787249521	0.0396317830019873	2	18
1	4	dDNb	0.295526942623837	0	100.008213057784	0.0279445118631993	1	28
1	5	dDNd	0.305257793905398	5.92428197609962e-08	100.033668746089	0.0306975004943319	1	20
2	1	McFadden	0.21168053150177	NaN	40.3929113293047	0.0178171489302468	2	14
2	2	LinearDistrb	6.38961791992188e-05	NaN	56.9625772933757	0.0120958043215952	2	14
2	3	DN	0.210117508346229	0	40.3850543838149	0.0219956859045094	2	21
2	4	dDNb	0.00408935546875	0	56.9603092949706	0.00967432942565428	2	13
2	5	dDNd	0.0003509521484375	0	56.9534533184125	0.0126294994952813	2	14
3	1	McFadden	0.186034042878731	NaN	15.9048372201442	0.00863540995532661	1	17
3	2	LinearDistrb	6.38961791992188e-05	NaN	16.882132329987	0.00644434405163697	2	14
3	3	DN	0.188018798828125	0	15.9095721431757	0.00916365770364759	2	13
3	4	dDNb	0.000257492065429688	0	16.879836191399	0.00664601096052628	2	16
3	5	dDNd	0.0010986328125	0	16.8762729714591	0.00641588195021038	2	12
4	1	McFadden	4.26199531555176	NaN	227.359155048635	0.0286060238137412	2	14
4	2	LinearDistrb	0.620530536980368	NaN	192.247801175136	0.0272551552642123	1	20
4	3	DN	0.811543526826426	0	185.568474619159	0.0244293601312566	1	20
4	4	dDNb	0.637649416923523	0	192.261739864424	0.0251585698774637	2	17
4	5	dDNd	0.631930590829491	0	192.266835758273	0.0198897616893381	1	20
5	1	McFadden	0.286739468574524	NaN	53.4303784377597	0.0208480092779164	1	22
5	2	LinearDistrb	0.192154217511415	NaN	51.7510483716933	0.017635230570694	2	18
5	3	DN	0.283123925328255	0	53.4198363153744	0.0220375295460673	1	21
5	4	dDNb	0.189058871321322	0	51.7479833402271	0.014412296313694	1	17
5	5	dDNd	0.185866796848131	0.000336089753545821	51.77823471069	0.016030889485764	1	21
6	1	McFadden	0.404132130672224	NaN	140.325753410644	0.021364598919699	1	22
6	2	LinearDistrb	0.265769769792769	NaN	153.684422445515	0.01390346514522	2	23
6	3	DN	0.415494771476574	0.000348632049804065	140.330875805215	0.0257067054074486	1	20
6	4	dDNb	0.252108238682922	0.000279754382427222	153.724713848573	0.0244119131381182	1	27
6	5	dDNd	0.252594119505375	0.000923005097138274	153.699587839506	0.0206941723141497	2	16
7	1	McFadden	0.331819689454278	NaN	113.039240670695	0.0206098743203117	1	19
7	2	LinearDistrb	1.66893005371094e-05	NaN	96.365389715385	0.0162981997941423	2	16
7	3	DN	0.334564809189033	0	113.026189550229	0.0197159106559109	1	24
7	4	dDNb	0.00072479248046875	0	96.3860667524929	0.0142469588571585	2	14
7	5	dDNd	0.000128984451293945	0	96.3802457371383	0.0136679887132705	2	12
8	1	McFadden	0.84529390768148	NaN	138.943478782165	0.0287652206066679	2	16
8	2	LinearDistrb	0.756666205619695	NaN	137.444138674061	0.0224662277582552	1	21
8	3	DN	2.27373675443232e-13	0.132467558280905	130.797480454141	0.0202295735036758	1	23
8	4	dDNb	0.106825963182651	0.102901621897278	133.980838361113	0.0270727117990995	1	22
8	5	dDNd	0.179317453468684	0.0924056898336858	134.495994526647	0.0220917881170644	1	22
9	1	McFadden	0.453695999458432	NaN	104.599543562203	0.0211528311654567	1	18
9	2	LinearDistrb	0.402162625739933	NaN	106.36216838896	0.0188923632548492	1	27
9	3	DN	0.450103050097823	0	104.606691453175	0.0204913051091263	2	19
9	4	dDNb	0.404536604881287	0	106.392091209839	0.019103203135391	2	17
9	5	dDNd	0.398632055732378	0	106.374988333441	0.0162742275735665	1	22
10	1	McFadden	0.536688680978386	NaN	150.162858697577	0.0183292902761489	1	22
10	2	LinearDistrb	0.508836037870651	NaN	153.563197018161	0.0227103468882734	2	20
10	3	DN	0.534353846684098	0	150.143737017772	0.0191244460508061	1	17
10	4	dDNb	0.509790985001018	0	153.56443108282	0.0185478761315963	1	19
10	5	dDNd	0.510309675199096	0	153.562934046683	0.0215212973079895	1	23
11	1	McFadden	0.112774421926588	NaN	161.082895385747	0.0336777216999183	2	22
11	2	LinearDistrb	6.38961791992188e-05	NaN	155.079421968637	0.0184471231684921	2	13
11	3	DN	0.131942749023438	0	159.717394171802	0.0276884038296413	2	16
11	4	dDNb	0.0003509521484375	3.20434570312278e-05	155.034292415175	0.0215935913479931	2	13
11	5	dDNd	0.0010986328125	4.27246093750444e-05	155.090683628138	0.0225407728634459	2	13
12	1	McFadden	0.451629407703876	NaN	162.804220775961	0.024744649898339	2	22
12	2	LinearDistrb	0.331916465140239	NaN	157.5435767549	0.0477230414233916	1	20
12	3	DN	0.441711174324155	0.00250797420740123	162.861403776116	0.0199240649510796	1	22
12	4	dDNb	2.04890966415405e-08	0.0262802816927433	156.66837955427	0.0590449847690259	1	26
12	5	dDNd	0.00172915181610733	0.0270039961382281	156.733792702255	0.0415416757120814	1	27
13	1	McFadden	1.59025551774539	NaN	176.12717016801	0.0253242545404056	1	18
13	2	LinearDistrb	0.471697027360648	NaN	160.510882268737	0.0198221880066259	1	16
13	3	DN	0.542689945315942	0	162.032298645318	0.0209040689862048	1	21
13	4	dDNb	0.461534258776737	0	160.513253134124	0.0240126478196175	1	20
13	5	dDNd	0.449160315933113	0.000453704056781135	160.536114198072	0.0203146702725956	1	18
14	1	McFadden	2.44570153113455	NaN	265.84327656792	0.0237785367059295	2	20
14	2	LinearDistrb	2.44394478062168	NaN	265.955046066993	0.0338240727081247	1	20
14	3	DN	2.32638693839544	0.00196525715145979	265.833200840298	0.0271962193127802	1	19
14	4	dDNb	2.2892245791154	0.000602856813930019	265.974636453338	0.0223590642133703	2	11
14	5	dDNd	2.26830690167844	0.0358504351228476	265.952821593089	0.0276076171611279	1	23
15	1	McFadden	0.692390018764513	NaN	153.472855877166	0.0246270899187398	1	24
15	2	LinearDistrb	0.640273258090019	NaN	155.473052813408	0.0263361151260682	2	18
15	3	DN	0.00309815036598593	0.0885217488044873	152.331162357607	0.0239656652518957	2	20
15	4	dDNb	0.364950896211667	0.0347128202789463	155.257457544547	0.0236721835183564	2	22
15	5	dDNd	0.425357673455892	0.0266468948377223	155.238669107267	0.0258493342640417	2	21
16	1	McFadden	1.06654303113368	NaN	106.289404616281	0.020963607743472	2	20
16	2	LinearDistrb	0.793941341096115	NaN	104.222168589452	0.020027646034418	1	37
16	3	DN	1.07201227173209	0	106.272181874411	0.0248358344594638	2	11
16	4	dDNb	5.23868948221207e-10	0.0951121744292323	103.792902119682	0.0181818180333464	1	21
16	5	dDNd	0.0950292738508445	0.0841725138262579	104.010017692253	0.0224861875221982	1	33
17	1	McFadden	2.27263844013214	NaN	255.129165214511	0.0321302072651563	2	17
17	2	LinearDistrb	2.19036865234375	NaN	255.183388887555	0.0286253307888783	2	12
17	3	DN	4.76837158203125e-07	0.259109401702881	253.600937015376	0.028065976946713	2	11
17	4	dDNb	4.76837158203125e-07	0.24667820930481	253.664004465315	0.0269661685501486	2	15
17	5	dDNd	0.0003509521484375	0.251124572753906	253.613835052147	0.0270740768494243	2	11
18	1	McFadden	4.39889526367188	NaN	250.578998183199	0.0256734152036157	2	11
18	2	LinearDistrb	0.708361804485321	NaN	213.001788601847	0.0283712915028304	2	17
18	3	DN	4.76837158203125e-07	0.18154354095459	213.567739887083	0.0212225063552093	2	11
18	4	dDNb	4.76837158203125e-07	0.141288280487061	210.21201154865	0.0250731218111261	2	16
18	5	dDNd	0.0003509521484375	0.142337036132812	210.199663335137	0.0294446104392688	2	15
19	1	McFadden	0.541315066511743	NaN	115.058832674862	0.0176994039862885	1	20
19	2	LinearDistrb	0.539673924446106	NaN	115.816115543375	0.0198542208441354	2	16
19	3	DN	0.547863483428955	0	115.09723719023	0.0186988804473436	1	17
19	4	dDNb	0.530561892344849	0	115.833686946377	0.0153740075554085	2	15
19	5	dDNd	0.529961462365463	0	115.821743792041	0.0214607622345476	1	20
20	1	McFadden	0.561856086365879	NaN	83.593877165519	0.0163407554730667	2	21
20	2	LinearDistrb	9.31322574615479e-10	NaN	75.4211191414481	0.0182710155794586	1	18
20	3	DN	0.574657982680947	0	83.6021962516669	0.0190623302927799	1	19
20	4	dDNb	0.0010986328125	0	75.4300161314661	0.0232796368407005	2	14
20	5	dDNd	0.00200986862182617	0	75.4239792314258	0.0237917740141839	1	17
21	1	McFadden	4.0816650390625	NaN	252.360952393943	0.028396210857708	2	10
21	2	LinearDistrb	0.804570823500399	NaN	219.921178470293	0.023610159873984	1	21
21	3	DN	0.787536390125751	0.0100630093365908	219.180675244815	0.0275444936284433	1	21
21	4	dDNb	0.830440044403076	0	219.902822829493	0.0239079819654206	2	21
21	5	dDNd	0.841585159301758	0	219.939251113305	0.0253250357370148	2	16
22	1	McFadden	0.613380827009678	NaN	199.097235728602	0.0206815056916998	1	23
22	2	LinearDistrb	0.558218344403116	NaN	197.154573902172	0.0206287505847629	1	19
22	3	DN	4.76837158203125e-07	0.102579617500305	197.489014542533	0.0216585433770647	2	11
22	4	dDNb	2.27373675443232e-13	0.0908683841550783	195.403322184741	0.0243602634844794	1	24
22	5	dDNd	2.04890966415405e-08	0.0884049668908119	195.386151069314	0.0245534457338341	1	18
23	1	McFadden	0.481592524020925	NaN	130.431740084103	0.0221611443035846	1	27
23	2	LinearDistrb	0.43544194274623	NaN	132.494284139038	0.0226786238121892	1	21
23	3	DN	0.490450584795326	0	130.375431367947	0.0223277767021557	1	19
23	4	dDNb	0.430635949131101	0	132.488521237929	0.0221238947848813	2	21
23	5	dDNd	0.432721351478904	0	132.486527830722	0.025892842281963	1	19
24	1	McFadden	0.966657809549361	NaN	179.796887988767	0.0213859096954628	1	22
24	2	LinearDistrb	0.928056716918945	NaN	180.593554592709	0.0202634063871007	2	15
24	3	DN	0.9521484375	0	179.792704297532	0.0232103653235218	2	11
24	4	dDNb	0.941307067871094	0	180.59883662097	0.0249741560185282	2	15
24	5	dDNd	0.899423077702522	0	180.582520469843	0.0308905333817584	2	21
25	1	McFadden	0.647252117567405	NaN	165.069943519803	0.0236686056700313	2	22
25	2	LinearDistrb	0.607645412868749	NaN	165.940255755348	0.0220612292414597	1	20
25	3	DN	0.649412003549514	8.54492187499778e-05	165.047783870609	0.0202373468445382	1	19
25	4	dDNb	0.602841377258301	0	165.932729692087	0.0196239573143373	2	18
25	5	dDNd	0.609864189330494	0	165.939016021473	0.0181763907709578	2	26
26	1	McFadden	2.740234375	NaN	219.274268220351	0.0285486747245219	2	12
26	2	LinearDistrb	1.31420662549014	NaN	205.305461571643	0.0299873906260491	1	19
26	3	DN	0.0003509521484375	0.130278015136719	203.174506427126	0.0264865046181357	2	11
26	4	dDNb	4.76837158203125e-07	0.121663165092468	203.308703294324	0.028616512798638	2	17
26	5	dDNd	4.76837158203125e-07	0.123400020599365	203.317283277829	0.0262392184941103	1	18
27	1	McFadden	0.156494952738285	NaN	88.9111754177856	0.0359320479137855	2	22
27	2	LinearDistrb	0.123738148179278	NaN	91.3717814903943	0.0166403050991504	1	22
27	3	DN	4.76837158203125e-07	0.0180631637573242	87.0002237925918	0.0239365640431769	2	19
27	4	dDNb	0.119268959388137	3.75626608729585e-05	91.3609148841118	0.0206651656600888	1	20
27	5	dDNd	0.119596524600638	0	91.3592520941365	0.020116546118733	1	18
28	1	McFadden	0.396113384931596	NaN	127.424556424582	0.0183509772530313	1	26
28	2	LinearDistrb	0.253164627297792	NaN	126.579291824277	0.0203953154637634	2	17
28	3	DN	1.11758708953857e-07	0.0368812263011933	126.268590690962	0.0204198090261974	2	23
28	4	dDNb	0.189775870065205	0.00494792289100587	126.550062393177	0.0214498887179234	1	23
28	5	dDNd	0.202828162685869	0.00399948998829736	126.517753482125	0.0184522246428266	1	23
29	1	McFadden	0.534046556494644	NaN	126.066547632139	0.01892891245035	1	21
29	2	LinearDistrb	0.530905246734619	NaN	130.497947090117	0.0246573623588828	1	21
29	3	DN	0.203723902551388	0.0348532293054916	125.981046783715	0.025309836837186	1	25
29	4	dDNb	0.31596565246582	0.0206940650939942	130.352303621794	0.0247369554429727	2	16
29	5	dDNd	0.324859459478375	0.0191156675965203	130.37788098567	0.0271515046378172	1	21
30	1	McFadden	0.573910713195801	NaN	104.345866113497	0.0204408769860898	2	16
30	2	LinearDistrb	0.494878287278084	NaN	106.948394217787	0.0186979911698784	1	22
30	3	DN	4.76837158203125e-07	0.067154449224472	103.054837275151	0.0211536803885508	2	17
30	4	dDNb	0.320693629444577	0.0201827045995742	106.692233027138	0.0170764930755951	1	18
30	5	dDNd	0.297646693006755	0.0226646618793893	106.690725074301	0.0173016488213523	2	19
31	1	McFadden	0.311843201518059	NaN	143.774647024792	0.0187462780068327	2	20
31	2	LinearDistrb	0.273949709818964	NaN	142.494503509012	0.0199761456364686	1	21
31	3	DN	0.158583046126296	0.0175415380697814	143.646638125449	0.026367017304332	1	22
31	4	dDNb	5.23868948221207e-10	0.0261594422743656	142.029286114127	0.0237901791314875	1	21
31	5	dDNd	0.00962242811510805	0.0259325586797786	141.998551288326	0.0165507085296653	1	17
32	1	McFadden	0.713362669743219	NaN	199.99924773513	0.0236771644178477	1	19
32	2	LinearDistrb	0.664477111959577	NaN	199.275780812594	0.027562378082396	1	20
32	3	DN	0.711113879457116	0	199.987215813341	0.0287044812929235	2	11
32	4	dDNb	0.667084323242307	0	199.278771712448	0.0217828844504426	1	19
32	5	dDNd	0.679210951551795	0	199.293490266334	0.0221914726375659	1	17
33	1	McFadden	2.58464050292969	NaN	234.568101466185	0.0272330563262207	2	14
33	2	LinearDistrb	1.22901597740642	NaN	222.513781138705	0.0405335665412052	2	21
33	3	DN	1.32090979814529	0	223.303688220427	0.0320262221924426	2	20
33	4	dDNb	1.21708357069292	0	222.478397571606	0.0305679556307928	1	23
33	5	dDNd	1.21870882436633	0	222.445835310264	0.0271982192604707	1	16
34	1	McFadden	0.596122160626038	NaN	151.937549981682	0.0226746831723314	1	23
34	2	LinearDistrb	0.47699499130249	NaN	152.326393052088	0.0191467202740155	2	16
34	3	DN	1.13686837721616e-11	0.060906235254879	150.821631345668	0.0216950506964661	1	17
34	4	dDNb	0.282709538470954	0.0193030425347388	152.210010924377	0.0237792078869863	1	21
34	5	dDNd	0.260497093200684	0.0207594871520996	152.150923216463	0.0239444687212073	2	16
35	1	McFadden	0.341942911269143	NaN	111.303121278697	0.0188586461931378	2	22
35	2	LinearDistrb	0.297642033197917	NaN	115.440770752865	0.0151766561634756	2	15
35	3	DN	4.76837158203125e-07	0.0323473691940308	110.667058972051	0.0188524683440459	2	17
35	4	dDNb	0.178432129672728	0.0103256410686299	115.329811373967	0.0221699520200954	1	22
35	5	dDNd	0.197857503313571	0.00910212742164729	115.339635975056	0.0229818097165248	2	21
36	1	McFadden	0.978851318359375	NaN	155.561733457792	0.0412229379594942	2	14
36	2	LinearDistrb	0.742392063140869	NaN	152.807677887128	0.108954309284121	2	14
36	3	DN	7.05718994140625e-05	0.0808696746826172	151.196171015781	0.0725081521647723	1	23
36	4	dDNb	0.0010986328125	0.0724609375	152.228922964708	0.126216339536484	1	21
36	5	dDNd	0.0010986328125	0.076177978515625	152.389802211137	0.0735286491818969	1	19
37	1	McFadden	0.400783968593117	NaN	93.0289611970349	0.0173110152479384	2	19
37	2	LinearDistrb	0.337338238110533	NaN	95.3671776903147	0.0167039287336315	1	22
37	3	DN	0.365269702393562	0.0027903832495213	93.0252129256694	0.0175493957442223	1	19
37	4	dDNb	0.338596159198005	0	95.3702377677968	0.0136804263447384	1	19
37	5	dDNd	0.337554931640625	0	95.3741034455641	0.0196355372395728	2	17
38	1	McFadden	0.434439650414078	NaN	182.420711208415	0.0461203076669825	1	23
38	2	LinearDistrb	0.413597444072366	NaN	183.142261558245	0.0448579778553781	2	21
38	3	DN	0.445543311536312	0	182.374183933999	0.0421000842416048	2	22
38	4	dDNb	0.408856353224373	1.60274044813669e-06	183.19448966813	0.0623779105376995	1	23
38	5	dDNd	0.40484619140625	0	183.193301828216	0.0430212029850908	2	13
39	1	McFadden	0.620827792794444	NaN	112.686524906384	0.0197245763372226	1	22
39	2	LinearDistrb	0.601145394146442	NaN	114.720400904477	0.022202211452223	2	16
39	3	DN	7.05718994140625e-05	0.101425552368164	112.447283556736	0.0195620692936004	2	14
39	4	dDNb	0.343527877470478	0.0393572898814455	114.631175872388	0.0195856454954048	2	16
39	5	dDNd	0.114859075672072	0.0741556212273196	114.562654019183	0.019576592312006	1	29
40	1	McFadden	1.05894958972931	NaN	153.407888685716	0.0305140378247209	2	16
40	2	LinearDistrb	0.936553955078125	NaN	151.184929100095	0.033973838558297	2	11
40	3	DN	1.07959650270641	0	153.38315332107	0.0269865864411987	2	19
40	4	dDNb	0.954858779907227	0	151.194823890971	0.0438670313684653	2	15
40	5	dDNd	0.949625015258789	0	151.202096522263	0.0392678263212387	2	15
41	1	McFadden	0.452429250814021	NaN	110.94889431725	0.0174313317020245	2	22
41	2	LinearDistrb	0.419760788441636	NaN	113.360704468341	0.0252530935804761	1	22
41	3	DN	0.457370758056641	0	110.94910631685	0.0219908486629613	2	18
41	4	dDNb	0.425149359100033	0	113.356771926139	0.0210423048027452	1	23
41	5	dDNd	0.419408311640382	4.99808720633155e-07	113.357201408057	0.0175460579891761	2	20
42	1	McFadden	0.987105860967858	NaN	187.683982243801	0.0214695384339165	2	20
42	2	LinearDistrb	0.537873896579185	NaN	182.503984053624	0.0228703050540251	2	20
42	3	DN	1.01124739996885	0	187.681328202999	0.0170507571590922	1	16
42	4	dDNb	4.76837158203125e-07	0.0406778752803802	182.467370902722	0.0176427707856145	2	16
42	5	dDNd	2.04890966415405e-08	0.0365862337872386	182.439801868174	0.0225537614232783	1	18
43	1	McFadden	0.47447385758278	NaN	124.330894026628	0.0479566152869818	2	25
43	2	LinearDistrb	0.427014708518982	NaN	124.676994121899	0.0330796883141954	2	17
43	3	DN	0.481854530342389	0	124.314407271407	0.0294248479838259	1	21
43	4	dDNb	0.433246458696971	5.78521109562136e-06	124.707100694661	0.0384511292242731	2	23
43	5	dDNd	0.428154898807406	0	124.692019277296	0.0360145262616795	1	22
44	1	McFadden	1.97718238830566	NaN	263.152510067955	0.0341718801650732	2	14
44	2	LinearDistrb	1.60500335693359	NaN	262.618868061405	0.0353213181447065	2	12
44	3	DN	1.67347025126219e-10	0.398259893526847	260.567993257317	0.0273473357415426	2	22
44	4	dDNb	2.27373675443232e-13	0.353941216871368	259.615240201743	0.019894799108654	1	18
44	5	dDNd	1.11758708953857e-07	0.357569046318531	259.66576708083	0.0218953579376517	2	26
45	1	McFadden	13.6521879823849	NaN	274.024442093254	0.025728038796394	2	22
45	2	LinearDistrb	12.8861255645752	NaN	274.016696438524	0.0250460704409014	2	13
45	3	DN	2.04890966415405e-08	1.36743659563363	273.959054183142	0.0349072641670272	2	16
45	4	dDNb	0.00188276926928665	1.38195604364737	273.985063764759	0.0332093088065356	2	14
45	5	dDNd	4.32783602614109	1.07305473321067	273.976999323498	0.0330944491944553	2	20
46	1	McFadden	0.714501551537978	NaN	220.161851707433	0.0237728601292965	1	25
46	2	LinearDistrb	0.642993992427364	NaN	219.794950569612	0.0279889404181168	1	22
46	3	DN	0.71523425608757	0	220.134377918649	0.0326650648797892	1	24
46	4	dDNb	0.648547376211894	0	219.788041870851	0.0268348940925537	1	18
46	5	dDNd	0.641620201812657	0	219.785221763103	0.0374576233607823	1	21
47	1	McFadden	0.223901201787491	NaN	143.229858000539	0.0207697810516067	1	25
47	2	LinearDistrb	0.13724271178944	NaN	161.350185959892	0.0198919086543341	2	15
47	3	DN	0.138990342664329	0.00888980270283357	143.160818399818	0.0224897044877275	1	23
47	4	dDNb	0.134096930785432	0.000398169624258982	161.329591982021	0.0211957105398977	1	21
47	5	dDNd	0.132075440138237	0.000411741379480191	161.374299661728	0.0196965015877031	1	19
48	1	McFadden	0.429597096906718	NaN	207.629319135762	0.0293616126256101	1	20
48	2	LinearDistrb	0.384825019362324	NaN	207.438765192535	0.0231943946296531	2	19
48	3	DN	8.85679673956474e-05	0.1936520991414	202.407694032072	0.0253282369837297	1	20
48	4	dDNb	4.76837158203125e-07	0.175935351848602	202.565475941643	0.0253808167073274	1	20
48	5	dDNd	3.37604433298111e-09	0.180359455454163	202.489312188181	0.0186537353446039	1	32
49	1	McFadden	0.381525533273816	NaN	73.1429862416819	0.0178011198750842	2	19
49	2	LinearDistrb	0.2144775390625	NaN	81.8281076712975	0.0134202157479328	2	11
49	3	DN	5.32907051820075e-14	0.0385448394154195	71.6234033819325	0.0115203714913798	1	18
49	4	dDNb	0.176953631742435	0.00285363652110393	81.7683116546122	0.0137241204138526	1	21
49	5	dDNd	0.174688504497752	0.0043024135606814	81.7806197766443	0.0156298791456641	1	22
50	1	McFadden	5.18479537963867	NaN	254.86285752029	0.0230833927417437	2	14
50	2	LinearDistrb	0.863555953808827	NaN	219.678647200447	0.027590870925953	1	19
50	3	DN	7.05718994140625e-05	0.140272903442383	216.84521091049	0.0165940367178044	2	11
50	4	dDNb	4.76837158203125e-07	0.141287362575531	218.271005985467	0.0268036165593734	2	15
50	5	dDNd	0.0003509521484375	0.142678833007812	218.266900789405	0.0259436280791991	2	20
51	1	McFadden	2.0321116023697	NaN	190.640962523963	0.0312843644538506	2	16
51	2	LinearDistrb	2.00609970588448	NaN	193.100670294654	0.0260401429077382	1	24
51	3	DN	2.00085841565854	1.40084949196151e-07	190.630047980005	0.0267533995774257	1	18
51	4	dDNb	2.00660803634673	0	193.289144731989	0.0335630448596294	2	15
51	5	dDNd	1.99487856775522	0	193.087334799028	0.0249066511849198	2	17
52	1	McFadden	0.787133673205972	NaN	191.959968564134	0.0246889063615896	1	19
52	2	LinearDistrb	0.752857837360352	NaN	193.222034558847	0.0193842994604733	2	21
52	3	DN	2.04890966415405e-08	0.1033527597785	191.256784971154	0.0307476053425256	2	21
52	4	dDNb	4.76837158203125e-07	0.0969261169433594	192.723662991021	0.0275225485546413	2	11
52	5	dDNd	4.76837158203125e-07	0.0967386543750763	192.808506707538	0.0319974646405727	2	20
53	1	McFadden	0.0826209669539821	NaN	65.5797317702665	0.0156623694968094	1	22
53	2	LinearDistrb	0.0745563507080078	NaN	97.31604058813	0.0145183303824023	2	15
53	3	DN	0.0844780670013279	0	65.6015403000143	0.0120253070751142	1	18
53	4	dDNb	0.0753348825965077	0	97.3165692916195	0.0133373866898779	1	19
53	5	dDNd	0.0737175383869442	2.2846906684304e-06	97.3196498334471	0.0147680867097802	1	28
54	1	McFadden	0.422289393318351	NaN	82.2943123906778	0.0227245641369298	1	22
54	2	LinearDistrb	0.268272748842264	NaN	83.2686447487847	0.0149991281430984	2	19
54	3	DN	0.31368026137352	0.0112744987010955	82.2865135014223	0.0206110403851113	2	21
54	4	dDNb	0.260655138579899	0.0013670721769159	83.2873434505048	0.019868374508752	1	26
54	5	dDNd	0.273167939390987	0.000158939510583878	83.2948104532397	0.014301554833407	1	21
55	1	McFadden	1.20293499529362	NaN	192.562910135855	0.02725007768117	2	18
55	2	LinearDistrb	1.17603445053101	NaN	192.840046438279	0.0296050860741074	2	9
55	3	DN	2.04890966415405e-08	0.122453475184739	189.589446797263	0.0266022992615728	1	20
55	4	dDNb	7.05718994140625e-05	0.121623611450195	189.785840800022	0.0308518806761523	2	11
55	5	dDNd	4.76837158203125e-07	0.119166779518127	189.788784516294	0.027407661497817	1	20
56	1	McFadden	4.24632263183594	NaN	261.316365764818	0.0278732407531327	2	12
56	2	LinearDistrb	0.500867519062012	NaN	225.259936901311	0.0306864512163106	2	14
56	3	DN	0.0010986328125	0.11826171875	224.11558926477	0.0220293609943874	2	16
56	4	dDNb	0.0003509521484375	0.1184326171875	224.452659526365	0.0270794591266075	2	20
56	5	dDNd	4.76837158203125e-07	0.12067232131958	224.448223378567	0.0171291484457223	2	11
57	1	McFadden	0.361079975962639	NaN	133.416742160317	0.0592915020058693	1	23
57	2	LinearDistrb	0.327381437486224	NaN	133.097469005741	0.0394090131357946	2	27
57	3	DN	0.389822483062744	0	133.32682617726	0.0344738651097338	2	16
57	4	dDNb	0.322709541302174	0	133.144006824437	0.032895329371011	1	21
57	5	dDNd	0.325735060498118	0	133.122656319805	0.0470083956090098	1	22
58	1	McFadden	1.06540908818351	NaN	142.145611308497	0.0238504455655695	1	18
58	2	LinearDistrb	0.922706693428609	NaN	141.410429357341	0.0198343996714027	2	19
58	3	DN	1.05836436152458	0	142.146568029466	0.0265900101734144	1	15
58	4	dDNb	0.901532500982285	0	141.452442597994	0.0214469405684281	2	11
58	5	dDNd	0.925266616046429	0	141.420294232914	0.0279018565099072	2	18
59	1	McFadden	0.452895879745483	NaN	152.885360145759	0.0165635861734885	2	17
59	2	LinearDistrb	0.359646644863261	NaN	150.845185251109	0.0210311266633532	2	21
59	3	DN	0.113983868417563	0.051612847641809	152.555172950142	0.0217068007402304	1	21
59	4	dDNb	4.76837158203125e-07	0.0497220993041992	150.5314448059	0.0189106486526886	1	19
59	5	dDNd	0.000208293911782675	0.0497011381376069	150.539164910756	0.0151161474491018	1	23
60	1	McFadden	0.386302394559607	NaN	104.603198833796	0.0240740825628887	1	18
60	2	LinearDistrb	0.360662280190013	NaN	112.245649635424	0.0223823355823421	1	19
60	3	DN	7.05718994140625e-05	0.0457073211669922	102.179988185781	0.0186160192551349	2	15
60	4	dDNb	0.273966143489815	0.0106244110036642	111.941918047061	0.0160111097391993	1	20
60	5	dDNd	0.251652182167163	0.0124707496666815	111.963030596714	0.0182189103638423	1	19
61	1	McFadden	0.67542091212195	NaN	156.87695814318	0.0367279216798519	1	19
61	2	LinearDistrb	0.606838921808958	NaN	156.74471795903	0.0328988256848358	2	22
61	3	DN	0.671813732013106	0	156.834098329665	0.0340400775750911	1	19
61	4	dDNb	0.616720199584961	0	156.724356733362	0.0346636878179026	1	16
61	5	dDNd	0.598077291026129	0	156.683194261078	0.0339985610776362	2	22
62	1	McFadden	0.39649417065084	NaN	114.194937850761	0.0198213968189484	2	14
62	2	LinearDistrb	0.247051115147769	NaN	111.691824029787	0.0185297492938549	1	17
62	3	DN	0.408343095332384	0	114.222857541795	0.0172153536884655	2	20
62	4	dDNb	0.247158384207069	4.27246093750444e-05	111.705817007976	0.0182876421460347	1	25
62	5	dDNd	0.254796028137207	0	111.704691174146	0.0164022739346286	2	12
63	1	McFadden	0.725485990231391	NaN	126.159730141715	0.0226847592568234	1	22
63	2	LinearDistrb	0.675053663551807	NaN	128.636146863793	0.0201390312388687	1	18
63	3	DN	0.727273711934686	0	126.145126668349	0.0199375795193501	1	18
63	4	dDNb	0.669809204718355	0	128.639874198413	0.0177273183670859	2	24
63	5	dDNd	0.671314669772983	0	128.629369631135	0.025226958616259	2	19
64	1	McFadden	1.51954341679811	NaN	226.406684026639	0.0331174186044428	2	9
64	2	LinearDistrb	1.2981090775429	NaN	221.636910217169	0.0276830551277009	1	18
64	3	DN	1.44829078018665	0.00074071548879151	226.340210767993	0.0261430706916053	1	19
64	4	dDNb	1.33205225016781	1.67110543425331e-06	221.613945853209	0.0289219511961025	1	21
64	5	dDNd	1.3492581397295	0	221.668760072303	0.0257009767834998	2	17
65	1	McFadden	3.96799087524414	NaN	213.23291029428	0.0246276365509401	2	14
65	2	LinearDistrb	0.910392951321484	NaN	166.059431617922	0.0238359595706229	1	20
65	3	DN	0.397892428653449	0.0614108818638897	166.35710451599	0.0184029955370202	1	23
65	4	dDNb	0.0003509521484375	0.0894439697265625	164.964806826223	0.0249999111842405	1	20
65	5	dDNd	7.05718994140625e-05	0.0889259338378906	164.928986682195	0.0235035829890266	1	18
66	1	McFadden	0.774802792206174	NaN	141.964471701603	0.0250947970231044	1	19
66	2	LinearDistrb	0.665699442255629	NaN	142.41337376543	0.0280982067540254	1	20
66	3	DN	4.76837158203125e-07	0.0724736213684082	141.523471793657	0.021323128753355	2	16
66	4	dDNb	2.27373675443232e-13	0.0596337211572944	141.561628437055	0.0350465544037204	2	20
66	5	dDNd	4.76837158203125e-07	0.0592884063720703	141.529157913613	0.0197983685664908	2	16
67	1	McFadden	0.258179306983948	NaN	71.4380014361349	0.0367413472092941	1	22
67	2	LinearDistrb	0.134912350945882	NaN	69.0991944176062	0.0282830745306955	1	18
67	3	DN	0.0500994622707367	0.108006477355957	58.614275849038	0.0295016615922455	2	18
67	4	dDNb	0.0760435586926178	0.0479804843977035	67.6745936411863	0.0205181009101896	1	22
67	5	dDNd	0.0824587388559621	0.04681700820542	67.5288491979659	0.018927942228909	1	17
68	1	McFadden	3.0302734375	NaN	220.698069483271	0.02521154273173	2	13
68	2	LinearDistrb	1.33582973480225	NaN	204.377521957828	0.0295123197636371	2	17
68	3	DN	1.35898017883301	0	203.249547369288	0.0285347232708562	2	17
68	4	dDNb	1.32562150061131	0	204.372337568748	0.0340477239724313	2	19
68	5	dDNd	1.34712155803572	0	204.398402430046	0.034134448717617	1	17
69	1	McFadden	0.371563550004794	NaN	95.0695586440058	0.0229026049034121	1	23
69	2	LinearDistrb	0.190358327701688	NaN	91.3381372114363	0.0186713095532612	2	18
69	3	DN	0.368480892502703	0	95.0626151812028	0.0195693832935736	1	19
69	4	dDNb	0.175064743504933	0.000525586691230706	91.3829522791555	0.0171335812261748	1	18
69	5	dDNd	0.182707564817974	0	91.3571435453696	0.0215962922773583	1	19
70	1	McFadden	0.480937245583846	NaN	164.430129128698	0.0298589281305596	2	19
70	2	LinearDistrb	0.376798391342163	NaN	164.605851372973	0.0410089274512344	2	15
70	3	DN	0.489934255485423	6.72403912171937e-06	164.445951669739	0.0245703730338392	1	21
70	4	dDNb	0.368315241178436	1.02064461482421e-06	164.598513154411	0.0302179073669122	1	18
70	5	dDNd	0.376981487497687	0	164.576742320571	0.0250094718877779	1	19
71	1	McFadden	0.555101296049543	NaN	189.137926280161	0.0248762206370781	1	20
71	2	LinearDistrb	0.395940780639648	NaN	185.261477934856	0.0301048261986204	2	14
71	3	DN	0.267262638999988	0.0401704491971738	189.038332498165	0.0297570345493723	1	24
71	4	dDNb	2.04890966415405e-08	0.0446062054485082	183.422955075949	0.0312973019434718	1	20
71	5	dDNd	1.67347025126219e-10	0.0455500927884713	183.453813215494	0.0264252036323554	1	32
72	1	McFadden	1.08585854639151	NaN	126.521935419426	0.0222178939272745	1	19
72	2	LinearDistrb	0.932966232299805	NaN	127.81122527977	0.0213732365347845	2	17
72	3	DN	1.09094250202179	0	126.506640842205	0.023167607235429	1	19
72	4	dDNb	0.937007904052734	0	127.877551487755	0.0243067613725921	2	15
72	5	dDNd	0.93719482421875	0	127.800891256465	0.0266913601389496	2	14
73	1	McFadden	0.63561325284536	NaN	161.028156211737	0.025615057380313	1	18
73	2	LinearDistrb	0.491849845882825	NaN	159.144219775262	0.0197277501684568	1	22
73	3	DN	0.648566722869873	0	161.030319683382	0.0186402238584083	2	15
73	4	dDNb	0.000249482405955348	0.0452743592722896	159.074579525434	0.0253151560784519	1	22
73	5	dDNd	0.000418828836586727	0.0444217466449117	158.977534345817	0.021731602530736	1	29
74	1	McFadden	0.334939904510975	NaN	155.048227511194	0.022779952182828	1	19
74	2	LinearDistrb	0.283001497705449	NaN	155.016718603852	0.0217274838315294	1	20
74	3	DN	2.04890966415405e-08	0.117826162558049	147.735779744183	0.0223655236220718	1	20
74	4	dDNb	0.0395565874132444	0.0885377037106082	152.462539495399	0.0216089025153841	2	19
74	5	dDNd	0.0518783112929668	0.0813272058265284	152.47314568677	0.0184413407155316	1	27
75	1	McFadden	0.570362648344599	NaN	157.837412175972	0.106330091230702	1	18
75	2	LinearDistrb	0.291130445897579	NaN	152.717017901813	0.0608990284304267	2	24
75	3	DN	0.571205139160156	0	157.733850310445	0.103966787577828	1	19
75	4	dDNb	0.287288010120392	0	152.814871075799	0.059672833588834	2	24
75	5	dDNd	0.269560165703297	0.00227303057909012	152.804055282928	0.063741964561618	1	17
76	1	McFadden	0.398015670478344	NaN	124.997031045239	0.0211005418426441	2	22
76	2	LinearDistrb	0.315079269210401	NaN	123.580206205049	0.022941173751428	2	22
76	3	DN	0.0235743837838527	0.0448311109270435	124.890585483755	0.022000230764588	1	23
76	4	dDNb	1.11758708953857e-07	0.0360205173492432	122.631930798449	0.0226444397247867	2	16
76	5	dDNd	3.37604433298111e-09	0.036397026013583	122.605188718987	0.019892435061237	2	26
77	1	McFadden	0.568034323491297	NaN	147.296446796785	0.0209383325929693	1	26
77	2	LinearDistrb	0.540044744360785	NaN	147.373159349718	0.0196195620682418	2	21
77	3	DN	0.566666483879089	0	147.327757218092	0.0266176674778635	2	17
77	4	dDNb	0.532618829893181	0	147.369504515984	0.018458407650807	1	20
77	5	dDNd	0.533491184000923	0	147.355298336996	0.021973886404946	1	18
78	1	McFadden	0.381684303283691	NaN	126.031085417401	0.0861948892754618	2	18
78	2	LinearDistrb	0.354493141174316	NaN	130.218150586349	0.066310810288798	1	18
78	3	DN	4.76837158203125e-07	0.0521440505981445	124.346901595364	0.080124221962779	2	17
78	4	dDNb	0.122222900390625	0.0280900955200195	129.572528813268	0.0902460695555378	2	18
78	5	dDNd	0.349278695881367	0	130.03303358262	0.0776985640265081	2	18
79	1	McFadden	1.02718231081963	NaN	211.336664833661	0.0213510885746147	2	17
79	2	LinearDistrb	1.00583129422739	NaN	211.411176834622	0.0182986392994477	1	20
79	3	DN	1.005934715271	0	211.321538526953	0.025873898131955	2	15
79	4	dDNb	0.93839474581182	0.00504399947822098	211.417604400209	0.0257668545068647	2	11
