subID	modeli	name	Mp	delta	wp	scl	nll	nllsd	success	iterations
1	1	McFadden	1.67203712463379	0.472661972045899	NaN	NaN	247.950226397662	0.0407311744966303	2	11
1	2	LinearDistrb	0.715232536599387	1.89840986809886	NaN	1.63928880921274	244.702256093674	0.0540618616313499	1	27
1	3	DN	1.72811889648438	0.61236572265625	0	NaN	248.416236115	0.0375557787236372	2	11
1	4	dDNb	0.927490234375	1.26982421875	0	1.53857421875	244.90783110424	0.0387734899981113	2	26
1	5	dDNd	0.942407608032227	1.0128002166748	0.000104141235351518	1.56834716796875	245.059951164549	0.0513999641070995	1	29
2	1	McFadden	60.7901554107666	-0.077901840209961	NaN	NaN	348.981435223887	0.0399608141100914	2	13
2	2	LinearDistrb	54.6293166804171	-0.04027052038291	NaN	3.99999999999709	344.106344932646	0.0315276759906393	2	22
2	3	DN	60.4113674163818	-0.0737728118896485	0	NaN	348.942296238742	0.0333684561411368	2	15
2	4	dDNb	54.454492818797	-1.96807791844476	0.000170898437499956	3.99999999981374	341.569902722789	0.03766839340317	1	28
2	5	dDNd	55.172064781189	-0.0747230291366577	0	3.99999988079071	344.098829532667	0.0297991201722643	2	20
3	1	McFadden	4.64709722995758	0.33305299282074	NaN	NaN	182.221650199879	0.0276508957664689	2	18
3	2	LinearDistrb	4.56830249540508	0.367077219858766	NaN	1.86264514923096e-09	182.270674022082	0.0292679324200702	1	22
3	3	DN	1.33148509997409	0.238226670399308	0.123150125215761	NaN	179.506848384341	0.0368551318579039	2	26
3	4	dDNb	1.91147041320801	0.231769847869873	0.101762676239014	7.62939453169409e-07	179.440817149733	0.0424064563522249	2	18
3	5	dDNd	1.48138329386711	0.241182041168213	0.11957358121872	3.08573246001753e-05	179.481144062822	0.0359024839090482	1	22
4	1	McFadden	5.5351736843586	0.526237827539444	NaN	NaN	121.677676213573	0.0230919699932407	1	25
4	2	LinearDistrb	5.04086483363062	0.654082574881613	NaN	0.762537062261254	121.634076647317	0.0196989817215193	2	18
4	3	DN	5.50958510762166	0.544715747850387	8.41983819332981e-08	NaN	121.6599266192	0.0190658022902858	1	29
4	4	dDNb	4.7588005065918	0.70860710144043	0	1.00463523864746	121.633802091824	0.0228477921252579	2	20
4	5	dDNd	4.80525207519531	0.66165771484375	0	1.02938537597656	121.64149193308	0.013891473076773	1	25
5	1	McFadden	3.34372711181641	0.507455444335938	NaN	NaN	149.014301963317	0.0501431287895751	1	29
5	2	LinearDistrb	1.44105386734009	1.99973154067993	NaN	0.769205093383789	143.650281558863	0.086377779785701	2	24
5	3	DN	3.39678764343262	0.510357666015625	0	NaN	149.013121136992	0.0482729448190681	2	23
5	4	dDNb	2.20996614545584	0.902837488055229	0.00128860175609591	0.619177247583866	145.255585759024	0.0695476386758456	1	21
5	5	dDNd	1.72405025362968	1.51822416782379	0	0.689198446273804	143.982213499844	0.0661802123717975	2	22
6	1	McFadden	17.4230284111982	0.845171928900527	NaN	NaN	240.249292499391	0.032714219312574	2	21
6	2	LinearDistrb	15.1985764113997	1.0395158371306	NaN	1.65592682733404	239.791712167031	0.0313689846689818	1	24
6	3	DN	2.11002770811319e-10	0.76700535544951	0.147440274539986	NaN	231.898428015618	0.0285176546161393	2	18
6	4	dDNb	0.009033203125	1.08118896484375	0.11868896484375	1.60421752929688	229.8819574065	0.031440563742999	2	17
6	5	dDNd	4.61935997009277e-07	0.955978307127953	0.125206981599331	1.46579705029726	229.854032410471	0.0283399592028506	1	18
7	1	McFadden	47.1694602966309	-0.325209808349609	NaN	NaN	283.107915821785	0.0356329000402276	2	14
7	2	LinearDistrb	46.4688463681377	-0.307689225394279	NaN	1.86264559332017e-10	283.11280173185	0.0378215101878119	1	24
7	3	DN	47.0591234378517	-0.328388134390116	2.81762331724167e-05	NaN	283.126193342468	0.0424299178845115	2	28
7	4	dDNb	47.1250794803491	-0.321287388005294	0	1.86264559332017e-10	283.132996539583	0.0345137649963846	2	19
7	5	dDNd	47.3465672284365	-0.314506685733795	0	1.19209289106692e-08	283.117524587939	0.0382059238724287	2	31
8	1	McFadden	5.8052063541254	1.14794743913226	NaN	NaN	154.686933881915	0.0841167157492073	1	25
8	2	LinearDistrb	4.59007691021543	1.71063710462768	NaN	1.68638911743183	154.818470006092	0.0995984024911635	2	19
8	3	DN	5.91968047828595	1.09096965370372	2.09911449933209e-06	NaN	154.669017071571	0.105967590307283	1	30
8	4	dDNb	3.12963879262736	2.90234935421281	0.000675892569597658	1.46980146960441	154.476834113133	0.0811878745732798	1	28
8	5	dDNd	5.65721305459738	1.19086787104607	0	0.420597676932812	154.46346794848	0.0862468080568827	2	23
9	1	McFadden	5.86548316478729	0.0491822242736816	NaN	NaN	190.241788230548	0.108411839140853	2	17
9	2	LinearDistrb	4.4648351133801	-0.312300443649292	NaN	2.5517886267975	185.589181847532	0.111061049274881	1	30
9	3	DN	0.00299072265625	0.20462646484375	0.120440673828125	NaN	189.595338942075	0.145646526756908	2	17
9	4	dDNb	4.55256324261427	-1.50444789230824	0.00145797729492192	2.80142660588026	185.887549541666	0.119488216564752	2	32
9	5	dDNd	4.73831452871491	-0.42023584903327	9.90621629171073e-08	2.701994251824	186.050657530407	0.136673849300453	1	27
10	1	McFadden	20.4893684303388	-0.0961181912571192	NaN	NaN	352.618190215075	0.0398726788411635	2	20
10	2	LinearDistrb	19.8129147642321	-0.0678007477326901	NaN	2.91033863675239e-12	352.600710817997	0.0284969503691554	2	24
10	3	DN	20.4868106842041	-0.108000946044922	0.0154796600341797	NaN	352.615809040204	0.0352146990451904	2	11
10	4	dDNb	20.6795671342406	-0.100290768733248	0	0.000103082717396452	352.585244135593	0.0387563194325348	2	20
10	5	dDNd	20.3861746545881	-0.0975022368133068	0	1.86264514923096e-09	352.573781222033	0.0265219383730106	2	21
11	1	McFadden	349.992716815323	0.242184462025762	NaN	NaN	395.434478519413	0.0390865878060624	1	18
11	2	LinearDistrb	316.145462632179	-0.0421591520309448	NaN	2.78687279224396	395.504855641072	0.033347329284601	2	17
11	3	DN	2.11002770811319e-10	-0.065687691020139	0.994238307686464	NaN	369.782527832494	0.0273084095066143	2	23
11	4	dDNb	4.61935997009277e-07	-0.0757690638303757	0.972805131971836	0.283319966495037	369.556695875633	0.0333543378916483	1	22
11	5	dDNd	0.00043743205969804	-1.86843031549215	1.23946059989648	3.99999181929888	354.130288084979	0.0239867622812322	1	20
12	1	McFadden	61.9525263387477	0.629170078411698	NaN	NaN	374.349535449698	0.0314073369409004	2	18
12	2	LinearDistrb	51.9774788001596	0.550327345248661	NaN	3.99990639400639	370.787347117104	0.0330011780584799	1	29
12	3	DN	4.18234250787464e-07	0.48673495658883	0.421183986449481	NaN	367.41775911864	0.0408146012737625	1	25
12	4	dDNb	9.31322574615479e-10	0.395300552714616	0.407483004126698	3.99999999981374	361.764126814409	0.0310199653564736	2	23
12	5	dDNd	8.25003242492676	0.608658981323242	0.325500106811523	3.97225532531738	365.423987655532	0.035100242455273	2	19
13	1	McFadden	162.54963645339	-0.391201823949814	NaN	NaN	350.592176740707	0.0379417503240403	2	16
13	2	LinearDistrb	170.587260143831	-0.429925908148289	NaN	1.97410004325211	350.612687631948	0.0317921355289237	2	16
13	3	DN	168.75091791153	-0.450841903686524	0.00162754058837888	NaN	350.658208171213	0.0371195414726113	2	13
13	4	dDNb	163.91056060791	-0.426377868652344	0	0.556231689453125	350.660101834525	0.0362541415304759	2	17
13	5	dDNd	1.9371509552002e-06	-0.408061671257019	1.28656858205795	3.99999998807907	350.221615874587	0.0343433466478623	2	26
14	1	McFadden	7.00735855102539	0.0960128784179688	NaN	NaN	168.161264776221	0.0449224026957563	2	17
14	2	LinearDistrb	7.21681547164917	0.0620688438415527	NaN	7.62939453169409e-07	168.196100045624	0.0462461012314069	2	17
14	3	DN	7.09969520568848	0.0537715911865234	0	NaN	168.225167382755	0.0428344347727813	2	20
14	4	dDNb	6.99844825267792	0.104255199432373	0	0.309052181243897	168.241498510628	0.0392251068060341	2	24
14	5	dDNd	6.96152440598235	0.0939077905379236	4.34117391701072e-06	0.0446072709746659	168.148246370387	0.0456138934153727	1	34
15	1	McFadden	14.5336798940552	-0.0469964008778334	NaN	NaN	327.871445383379	0.0276454531269119	1	21
15	2	LinearDistrb	6.69399084687757	-0.937223572557923	NaN	3.99997253417678	317.107715585957	0.0364502326694471	2	22
15	3	DN	9.31322574615479e-08	-0.0698040265589953	0.361756879463792	NaN	321.758484524385	0.0339953522426269	2	24
15	4	dDNb	0.00401489064097404	-1.06708408296108	0.188106540590525	3.98169089071453	312.035189490928	0.0322248120479909	1	30
15	5	dDNd	1.82426381856203	-0.939597409963608	0.135967908799648	3.99999998807907	313.19084370446	0.0396606735578165	2	30
16	1	McFadden	7.36060762405396	0.7259516954422	NaN	NaN	329.886767299547	0.0412220503037113	2	21
16	2	LinearDistrb	7.48817831277847	0.656154694780707	NaN	0.0998179778456689	329.907876673087	0.038083196745462	2	29
16	3	DN	7.5633783172816	0.673863814398646	5.69522380833298e-06	NaN	329.866674148233	0.0417314722999301	2	21
16	4	dDNb	7.55212593078613	0.705322074890137	1.60217285156694e-05	7.62939453169409e-07	329.918205057343	0.030832402135754	2	22
16	5	dDNd	7.66471433639526	0.638798713684082	8.21113586425559e-05	0.00264863967895512	329.9104280715	0.0343047818594862	2	18
17	1	McFadden	27.1405597478151	0.132296494953334	NaN	NaN	260.623731886191	0.0319235677151829	2	24
17	2	LinearDistrb	27.3341433554888	0.111699098348618	NaN	1.09213222265244	260.579707521631	0.0304831813595719	1	26
17	3	DN	2.11002770811319e-10	0.0123899733574944	0.231234963177121	NaN	245.892383562871	0.0302301203814431	2	22
17	4	dDNb	0.00299072265625	0.03294677734375	0.230584716796875	0.01422119140625	245.914599324374	0.0307338968090645	2	13
17	5	dDNd	0.009033203125	0.031005859375	0.2298583984375	4.88281249999556e-05	245.893394241611	0.0384629826205007	2	16
18	1	McFadden	23.220966847702	0.878803016436655	NaN	NaN	234.240028641111	0.0366977993490505	1	25
18	2	LinearDistrb	22.7638462781906	0.901289200782776	NaN	1.19209289550781e-07	234.24921168112	0.0467689321857191	2	14
18	3	DN	13.2151575088501	0.806900978088379	0.084189510345459	NaN	233.721770558698	0.0359156278949256	2	11
18	4	dDNb	13.8070373535156	0.887884521484375	0.07545166015625	4.88281249999556e-05	233.798272308219	0.0298781650269184	2	17
18	5	dDNd	13.1111474782228	0.861942021548748	0.0820165321230888	9.96693968773332e-05	233.777636579268	0.0373824385164073	1	34
19	1	McFadden	1.80652367006405	0.309865317156073	NaN	NaN	222.475388930593	0.0302865488892077	1	28
19	2	LinearDistrb	0.510015554638812	3.12361470707219	NaN	1.19217360228322	218.649645067809	0.0299943798170819	1	33
19	3	DN	1.76939263202075	0.328551292634802	0	NaN	222.473345914576	0.0338630743189662	1	34
19	4	dDNb	0.446245610713959	3.5790942966938	3.08752059940964e-06	1.23635422587395	218.443001439344	0.0311631878572603	1	28
19	5	dDNd	0.419166564941406	3.94121398925781	0	1.22321166992188	218.598846084017	0.0278309798760111	2	21
20	1	McFadden	133.360919330989	-1.29340011941276	NaN	NaN	362.158913823116	0.0304751066710555	1	22
20	2	LinearDistrb	109.930568814278	-0.762290859222412	NaN	3.99999988079071	355.422918334048	0.0369395587687939	2	22
20	3	DN	3.09228198602796e-11	-0.648993077978594	0.9284519262299	NaN	354.913214155807	0.050564942376083	2	20
20	4	dDNb	5.21808325725578	-0.737673761407496	0.834894181563868	3.99999999999709	349.389039423884	0.0336092272313427	1	27
20	5	dDNd	29.649774260819	-0.753896047919989	0.693367139995098	3.99999999813735	351.766445908088	0.0341314982837822	2	25
21	1	McFadden	5.81435693045023	-1.04225342343689	NaN	NaN	387.940800170556	0.0324517913811783	1	25
21	2	LinearDistrb	0.1903076171875	0.8443603515625	NaN	3.99072265625	384.911914328823	0.0377293599865456	2	27
21	3	DN	0.31218790952471	-0.270297541525179	0	NaN	385.840302565122	0.0339712738227043	2	33
21	4	dDNb	0.276956903282553	-0.146093917638063	0	3.99999999981374	376.333763797885	0.0300039164352237	2	20
21	5	dDNd	3.73966940969694e-07	1.88314949059486	3.99753337338097	2.66435687231451	380.923783857532	0.030675311176221	1	25
22	1	McFadden	3.12035377897701	-0.148895861118217	NaN	NaN	350.148759751413	0.0357213423988843	1	29
22	2	LinearDistrb	2.42988455295563	-0.158231925964356	NaN	0.892315912246704	348.618328336685	0.0322529297966776	2	17
22	3	DN	1.08722134679556	-1.86512596011162	0.402098290622234	NaN	348.231473058482	0.0273219706625774	2	16
22	4	dDNb	2.31863213889301	-0.318635737523437	0.0998382955789566	1.85289540998638	346.946751174569	0.0267682531476361	2	19
22	5	dDNd	1.04550638589126	-0.0880998660749356	0.372812015693125	0.293913158244027	348.184198543388	0.0310735582820658	1	29
23	1	McFadden	12.8654961585999	0.912065887451172	NaN	NaN	204.47793931666	0.0287642683342001	2	21
23	2	LinearDistrb	12.4542770385742	0.957469177246094	NaN	0.329638671875	204.483571572593	0.0262827099916019	2	12
23	3	DN	12.895378112793	0.882022857666016	0	NaN	204.497750027495	0.0324944231870017	2	24
23	4	dDNb	12.9167987526162	0.883126341854222	0	4.04529273523302e-06	204.470716663713	0.0296081521713129	1	20
23	5	dDNd	13.0698547363281	0.868182373046875	0	4.88281249999556e-05	204.490345365433	0.0305847844765691	2	17
24	1	McFadden	40.4170709848404	-0.314252161979675	NaN	NaN	358.788180176868	0.0365829436027544	2	15
24	2	LinearDistrb	1.9913444519043	-0.923395347595215	NaN	1.70147914886475	238.161421756521	0.0425447621648479	2	19
24	3	DN	1.56476812662731e-06	-0.303316591582075	0.799706866459292	NaN	320.20966681259	0.032669023833244	1	26
24	4	dDNb	0.0310974465319305	-1.20547545526497	0.0272093411535025	1.30744205739175	221.19487056427	0.0305808620593406	1	31
24	5	dDNd	0.0822629719667418	-1.05991581876684	0.0359735012432797	1.13522502538824	214.831205867916	0.027893989639265	1	33
25	1	McFadden	20.2644957900047	0.28600305467844	NaN	NaN	267.344678402378	0.0300113856802596	1	21
25	2	LinearDistrb	20.3347455263138	0.235005182027817	NaN	0.000549328327178911	267.29162031047	0.0310276226090124	2	11
25	3	DN	20.2342289660592	0.242375443619676	0	NaN	267.353878223014	0.035326079719304	1	18
25	4	dDNb	20.3607912992593	0.262466939701699	0	1.86264559332017e-10	267.327291218713	0.0390106278831976	2	25
25	5	dDNd	20.1719723362476	0.270891794189811	0	1.86264514923096e-09	267.352250649897	0.0345504114612015	2	18
26	1	McFadden	5.55470848083496	0.506232070922852	NaN	NaN	114.783659134632	0.0397186951692091	2	18
26	2	LinearDistrb	5.23859939846818	0.564499369223131	NaN	0.658342609064448	114.745545749407	0.0782948422530879	2	25
26	3	DN	9.31322574615479e-10	0.569905680674128	0.0825663068564608	NaN	106.472782736127	0.0432979887486858	1	24
26	4	dDNb	0.00299072265625	0.587847900390625	0.083782958984375	4.88281249999556e-05	106.466674408492	0.0364826577321867	1	32
26	5	dDNd	9.31322574615479e-08	0.622318103909492	0.0813362579792738	0.0632218576967716	106.429499910894	0.036001508832649	2	21
27	1	McFadden	26.7433271408081	0.17261483669281	NaN	NaN	344.930669262638	0.0338402357537183	1	28
27	2	LinearDistrb	24.174051463604	0.18627148270607	NaN	3.00396757125854	344.513821894904	0.0371551607123533	2	11
27	3	DN	25.8885600720532	0.234239176062692	1.47171638673615e-05	NaN	344.937053790407	0.0342283570238405	2	16
27	4	dDNb	0.423897049249625	0.301336781667156	0.274123473621952	3.91078410353379	341.76257509224	0.0308129525656944	1	27
27	5	dDNd	1.27614548802376	0.346861809492111	0.242209899425507	3.99999998807907	337.687421315436	0.0352144207562412	2	26
28	1	McFadden	3.1037325039506	-0.0513183504343033	NaN	NaN	171.224924242197	0.0267787574437026	2	11
28	2	LinearDistrb	2.32751717418432	-1.67236492782831	NaN	1.35602346211672	168.980930746735	0.0372358180780262	2	23
28	3	DN	2.05414535535965	-0.0564853044459596	0.0500234583625569	NaN	171.055854606725	0.0306046101251155	1	31
28	4	dDNb	2.26552200317383	-0.387786674499512	0	1.44134864807129	168.94051476156	0.0362493279023109	1	19
28	5	dDNd	2.40194988250732	-1.63585586547852	0	1.34544315338135	168.981707887426	0.0294140118252265	2	19
29	1	McFadden	29.4611215591431	1.61257762908936	NaN	NaN	342.311888827467	0.02800794082234	2	16
29	2	LinearDistrb	25.6926418587786	1.94473031435271	NaN	3.99995174786154	339.915308358072	0.0341115604231683	1	20
29	3	DN	4.61935997009277e-07	1.68336585909128	0.238615326583385	NaN	335.410147857874	0.0472001557942753	2	20
29	4	dDNb	1.9371509552002e-06	1.74450179338455	0.23477498292923	1.1535446703434	335.335156197658	0.0295176671397613	1	25
29	5	dDNd	1.66893005371094e-05	1.76294555664063	0.239321899414063	1.94193468093872	335.266980338001	0.0387416796571215	2	14
30	1	McFadden	25.777450799942	0.33766131401062	NaN	NaN	215.911004765044	0.0315868430863687	2	19
30	2	LinearDistrb	21.4378714412451	0.306679376959801	NaN	3.99648436307907	210.816659761076	0.0306285075535739	2	24
30	3	DN	25.6991124585766	0.333223413540691	0	NaN	215.9153829653	0.030886425594895	2	11
30	4	dDNb	22.378647045698	0.277625742834061	0	3.19970863386989	212.322657151957	0.0385086568950604	1	23
30	5	dDNd	21.4211667683121	0.290568024340701	0	3.99999959203087	210.792348018701	0.0335218295632423	1	20
31	1	McFadden	329.86124420166	0.89859619140625	NaN	NaN	368.849262656842	0.0275015585057763	2	12
31	2	LinearDistrb	369.412471603602	1.45764906834811	NaN	0.107256536372006	368.837323983922	0.0348740986359448	2	17
31	3	DN	396.441519021988	0.215156388282776	0.0842073678970336	NaN	368.874469006772	0.0363267034025235	2	16
31	4	dDNb	293.238289356232	0.776935482025147	2.10683259963989	0.120479583740234	368.882237601333	0.037376534461587	2	27
31	5	dDNd	354.204796422697	0.553532834130343	1.30782895129377	1.28549637652854	368.870471385987	0.0344075587254678	1	19
32	1	McFadden	5.35896535528991	0.282307170080821	NaN	NaN	314.570377920667	0.0359776400007454	1	25
32	2	LinearDistrb	0.00072479248046875	0.0703598022460938	NaN	3.19956970214844	293.412276266279	0.0320811727103009	2	15
32	3	DN	4.88758087158203e-06	0.323991918563843	0.366098999977112	NaN	296.033482204637	0.0358129363874741	2	24
32	4	dDNb	0.978615283966064	0.597347068786621	0	3.99999988079071	285.870856195758	0.0322670021359339	2	16
32	5	dDNd	0.0631637582846452	-0.0291375084372703	0.00666483346140012	2.96639372698846	292.968879783224	0.03540720583177	1	27
33	1	McFadden	103.061082839966	-0.326277542114258	NaN	NaN	372.369234567488	0.029841268346685	2	15
33	2	LinearDistrb	88.4959669113159	0.285462665557861	NaN	0.206843280792236	372.398495283829	0.0363246352418421	2	11
33	3	DN	295.385347077325	-0.0165317909792066	1.37595421839069	NaN	372.386270114161	0.0301051684870114	1	21
33	4	dDNb	84.5342712402344	-0.116302490234375	0	0.580072021484375	372.393754733872	0.0276059700507464	1	24
33	5	dDNd	77.8251652885228	0.278071054071188	0.999001526460051	0.487679533287883	372.406744157264	0.024498695705398	2	22
34	1	McFadden	2.96067519299686	0.189442149922252	NaN	NaN	169.148846908661	0.0320825630855364	2	26
34	2	LinearDistrb	1.13449239730835	1.81015014648438	NaN	1.54069852828979	162.895488686303	0.0306303426853884	2	24
34	3	DN	2.39783341567374	0.117218573712692	0.0393319992886816	NaN	168.273761214028	0.0244838220033233	1	24
34	4	dDNb	1.66893005371094e-05	1.4958101272583	0.0603765487670899	1.30442638397217	153.264089049566	0.0340753632431165	2	21
34	5	dDNd	0.0825844705104828	1.6661346912384	0.051889705657959	1.33080344200134	153.489124438453	0.0327776431328755	2	26
35	1	McFadden	3.32197672687471	0.00285619422793387	NaN	NaN	162.471841734247	0.0485828064132193	2	11
35	2	LinearDistrb	3.37254617363214	-0.0327571600675583	NaN	0.000234383344650313	162.515389761361	0.0314080206804714	2	11
35	3	DN	3.30520173488185	-1.99999999998254	7.96172535044715e-06	NaN	162.542511342537	0.044075452887111	1	23
35	4	dDNb	3.38149261474609	-0.0100601196289063	0	0.00287780761718759	162.544283785117	0.0372628508170032	2	13
35	5	dDNd	3.39999771118164	-0.0212089538574219	0	7.62939453169409e-07	162.546179986344	0.0426292426106049	2	13
36	1	McFadden	2.05441284179688	0.387677001953125	NaN	NaN	184.764269231634	0.0342836555900876	2	11
36	2	LinearDistrb	2.06951904296875	0.39154052734375	NaN	7.62939453125e-06	184.753374107048	0.0452401303922251	2	11
36	3	DN	9.31322574615479e-08	0.135225220769644	0.221183208748698	NaN	166.722449642133	0.0406366753054214	2	27
36	4	dDNb	4.88758087158203e-06	0.144744825363159	0.219509196281433	1.19209289550781e-07	166.694924437128	0.0364625874009125	2	19
36	5	dDNd	4.88758087158203e-06	0.145702838897705	0.222635269165039	1.19209289550781e-07	166.699012811468	0.0372370151191069	2	13
37	1	McFadden	22.2332763671875	3.99999971389771	NaN	NaN	375.766309836128	0.0293430709583942	2	18
37	2	LinearDistrb	22.1359534859657	3.99999998211861	NaN	0.0535417318344116	375.774394506464	0.039165233172714	2	14
37	3	DN	22.7235434055328	3.70616822242737	0.000117158889770486	NaN	375.810929065681	0.0326020897042977	2	29
37	4	dDNb	21.7731037139893	3.99999971389771	0	7.62939453169409e-07	375.791888043695	0.0392575645746106	2	20
37	5	dDNd	9.31322574615479e-10	3.99999736465979	0.344787678983994	3.99999128221534	375.180272159885	0.0295534434197853	1	25
38	1	McFadden	4.11722809216008	0.887362259905785	NaN	NaN	260.594146368988	0.0251643761940305	2	16
38	2	LinearDistrb	4.166259765625	0.9318115234375	NaN	4.88281249999556e-05	260.607249667438	0.0318453747646556	2	30
38	3	DN	0.000121962013963639	0.970747331032976	0.197306760922174	NaN	258.495893506578	0.0307208866903761	1	33
38	4	dDNb	4.88758087158203e-06	0.941348242759705	0.202396154403687	0.000244307518005416	258.559066519341	0.0353828488945269	2	20
38	5	dDNd	9.31322574615479e-10	0.985803453810513	0.196012356784195	1.19494274259946e-05	258.540355341982	0.0292065280556706	2	21
39	1	McFadden	21.0792975798249	-0.0541818141937256	NaN	NaN	269.225964551972	0.0347768608245677	2	17
39	2	LinearDistrb	21.0531437759377	-0.0598013486460559	NaN	4.55191440096314e-14	269.216186314924	0.0320428386609878	1	34
39	3	DN	9.88578617572784	-0.061871886253357	0.114321708679199	NaN	268.381305455556	0.0343811216794884	2	11
39	4	dDNb	9.94463354631444	-0.0153654793277383	0.111434352851938	0.128437799884705	268.367031068445	0.0327710206789276	2	26
39	5	dDNd	10.6110844612122	-0.0237004041671753	0.10368378162384	0.336188358068466	268.349587436576	0.0281189272268806	2	20
40	1	McFadden	6.32746443152428	1.02749841809273	NaN	NaN	169.908509232743	0.0373283701044996	2	21
40	2	LinearDistrb	2.26004600524902	3.99999971389771	NaN	1.74434385299683	158.862309970726	0.0472467412013068	1	30
40	3	DN	0.000158309936523438	0.554716110229492	0.162930297851563	NaN	155.45691839901	0.028242158984395	2	11
40	4	dDNb	0.000377655032082203	3.59274666851052	0.0513582391110787	1.54983893185568	146.801291189146	0.034765679798031	1	34
40	5	dDNd	8.70722294621373e-06	3.28090042406682	0.0554677409005763	1.5571020071498	146.836525245323	0.0310295477134578	1	35
41	1	McFadden	38.3560891961679	0.189509680960327	NaN	NaN	350.070381939314	0.0280712870440634	1	22
41	2	LinearDistrb	31.2222685813904	0.26779899597168	NaN	3.99999988079071	346.835983318333	0.0393937496217986	2	19
41	3	DN	4.88758087158203e-06	0.19079806804657	0.416844320297241	NaN	348.694497329875	0.0346287443437869	2	17
41	4	dDNb	9.31322574615479e-08	0.387733690440655	0.31444802172482	3.99999999813735	342.976581622645	0.0334838451343964	2	25
41	5	dDNd	0.385175454226555	0.381715841626283	0.305770635412773	3.99995713816606	343.312767773237	0.0317043109795247	1	27
42	1	McFadden	2.02509737014771	0.630539798736572	NaN	NaN	244.289111787124	0.0288716173852553	2	11
42	2	LinearDistrb	1.77351188634566	0.773129073296514	NaN	0.461043516281643	244.19924505708	0.027611302647174	1	34
42	3	DN	1.15345476428047	0.578393787518144	0.0715031913481653	NaN	244.257573697305	0.0278528860207163	2	21
42	4	dDNb	1.61261331456762	0.679039387597732	0.0194555912096803	0.491184471172255	244.197410986447	0.0361354809317359	1	26
42	5	dDNd	1.71827502531414	0.548498819848055	0.0267171011943447	0.182711800451966	244.207153759307	0.0243948269007496	1	27
43	1	McFadden	6.90302839875221	-0.439229941368103	NaN	NaN	257.034771296173	0.0359011924443919	2	11
43	2	LinearDistrb	6.85138702392578	-0.434333801269531	NaN	7.62939453125e-06	257.011563533625	0.0303072916290064	2	11
43	3	DN	7.16927814483643	-0.442753791809082	0	NaN	257.102908916362	0.0419127411855647	2	11
43	4	dDNb	7.04350097255792	-1.54526689173472	0	5.28521195475307e-07	257.000138358095	0.0344489602195711	2	22
43	5	dDNd	6.93418494131413	-1.5736345412477	0	0.0167852774023458	257.025547205554	0.0358937248759422	2	23
44	1	McFadden	28.2653241157532	-0.301797771453857	NaN	NaN	212.23394998496	0.0341865832312403	2	11
44	2	LinearDistrb	28.960681438446	-0.312944316864014	NaN	7.62939453169409e-07	212.259123151993	0.0418375324525258	2	14
44	3	DN	27.7986114060662	-0.275316187726958	0	NaN	212.293456428116	0.0322549672296748	2	21
44	4	dDNb	28.3893719911575	-0.310221838951111	0	1.19209289550781e-07	212.275473395344	0.0338359004244855	2	21
44	5	dDNd	28.31201171875	-0.29580078125	0	0.00048828125	212.291679770691	0.0353228233657327	2	16
45	1	McFadden	13.5164047705475	0.404590338165872	NaN	NaN	324.818973883868	0.0311873437095949	1	24
45	2	LinearDistrb	8.95906056463718	0.756418545544148	NaN	3.99999998807907	321.444808709008	0.0324823201800694	1	30
45	3	DN	3.09228198602796e-11	0.478942493688373	0.275218864928684	NaN	316.519127532419	0.0332933962768635	1	23
45	4	dDNb	9.31322574615479e-10	1.25704846829176	0.131857378571294	3.99999999981374	310.941555307888	0.0299782518866149	1	23
45	5	dDNd	1.66893005371094e-05	1.21690101623535	0.132705307006836	3.99999923706055	310.45818478942	0.0356978132884224	1	20
46	1	McFadden	3.89794816933636	0.244104569352453	NaN	NaN	362.40911783736	0.0306163100904473	1	26
46	2	LinearDistrb	1.37066841125488	0.39606294631958	NaN	3.99999923706055	330.513382391471	0.0266103223037387	2	11
46	3	DN	0.00057154732348863	0.173935195321974	0.545726677702623	NaN	353.918094539565	0.0292179898291142	1	19
46	4	dDNb	1.00846875025799	0.710710211552863	0.0305701182648377	3.9999999996868	316.671584093317	0.0262760759495577	2	24
46	5	dDNd	1.05885827532802	0.246738106409975	0.0407763297542261	3.99999999999709	329.808882927763	0.0320156827389152	2	26
47	1	McFadden	26.755999237299	-0.103828895092011	NaN	NaN	369.220632649854	0.0293723958588362	2	18
47	2	LinearDistrb	1.15460547804832	1.54143688082695	NaN	3.99985997676849	349.075089223333	0.0320751180424343	2	21
47	3	DN	1.81731593329459e-07	-0.032138486407348	0.523962385756022	NaN	358.19408518184	0.0320211980766573	2	18
47	4	dDNb	4.61935997009277e-07	-1.10446501076221	0.028229670226574	3.94553882032633	338.129940984725	0.0316127154061125	2	29
