subID	modeli	name	Mp	delta	wp	nll	nllsd	success	iterations
1	1	McFadden	2.48692861443851	-0.32361455836799	NaN	247.872409473186	0.0338895401180485	1	25
1	2	LinearDistrb	2.20320892333984	-0.423772811889648	NaN	245.723765664332	0.049627761533056	2	13
1	3	DN	2.38470458984375	-0.2728515625	0.001068115234375	248.00119958584	0.0429665518108892	2	16
1	4	dDNb	2.20280233584344	-0.428324768133462	4.59738075730964e-06	245.697275320776	0.0511684476569297	2	24
1	5	dDNd	2.2919921875	-0.430294799804688	0	245.757386764501	0.0456346488698724	2	16
2	1	McFadden	56.4354357135016	0.0631744522717781	NaN	348.991411595389	0.0268699348176267	2	16
2	2	LinearDistrb	53.7638182087103	0.103562045295257	NaN	348.285400679642	0.0376099101674192	1	21
2	3	DN	57.4675891399384	0.0662202835083008	0	348.965747158546	0.023827207503152	2	15
2	4	dDNb	54.5805650628558	0.084247942082493	1.64594075591218e-07	348.255731166039	0.0352674315853097	1	26
2	5	dDNd	54.4395642280579	0.106563425064087	6.67572021439966e-07	348.30278015376	0.038005210373032	2	21
3	1	McFadden	6.18106954863038	-0.266622582483046	NaN	182.249217035492	0.0255775420095992	1	20
3	2	LinearDistrb	5.76931869611144	-0.362013044953346	NaN	190.306364878086	0.0312749972960595	2	17
3	3	DN	2.04450988769531	-0.175448608398438	0.138652038574219	179.438397668969	0.0377474559517782	2	11
3	4	dDNb	3.67961950413883	-0.349548251926899	0.0732748616486788	189.866319107748	0.0292198496462897	1	30
3	5	dDNd	3.47124010974539	-0.289357003626515	0.0740548358554178	189.598250911618	0.0352774634039695	1	28
4	1	McFadden	8.46496588371519	-0.352854502433775	NaN	121.658275186403	0.0202709536789599	2	16
4	2	LinearDistrb	8.11961383372545	-0.411080171912909	NaN	121.622645591188	0.0227281958074817	1	19
4	3	DN	8.49322425699211	-0.358848013353418	0	121.682529495776	0.0198751987337489	2	20
4	4	dDNb	8.04349232071399	-0.428362292840029	4.21123593696837e-05	121.63074894578	0.0287483018904879	1	23
4	5	dDNd	8.04829216003418	-0.424176216125488	0	121.616741986698	0.0242376376112012	2	16
5	1	McFadden	5.04864041507244	-0.303572583198547	NaN	148.92529636123	0.0623564187377288	2	11
5	2	LinearDistrb	4.10517406463623	-0.999999991059303	NaN	145.208495665354	0.0754435844909364	1	27
5	3	DN	5.22625710442662	-0.337176479585469	2.08616256491823e-08	148.917809803566	0.0404113137152077	2	29
5	4	dDNb	4.33454332575639	-0.999357513361611	2.60869128398955e-06	145.190061394454	0.0600761331924953	1	25
5	5	dDNd	4.02492904663086	-0.99999942779541	0	145.179127845506	0.0852586830756226	2	18
6	1	McFadden	32.545312166214	-0.463499367237091	NaN	240.235365447469	0.0424580680380455	2	11
6	2	LinearDistrb	32.0941863486404	-0.476235229373666	NaN	239.931329604751	0.0356516286727585	1	19
6	3	DN	2.27373675443232e-13	-0.428764489944512	0.261160359885748	231.834106101144	0.0324669320350852	1	29
6	4	dDNb	7.82165443524718e-11	-0.480376046286074	0.255885066429255	230.335698836016	0.0332128211089605	1	21
6	5	dDNd	1.11758708953857e-07	-0.484188432246447	0.25598022043705	230.320809250533	0.0271768862807544	2	15
7	1	McFadden	31.8324956744909	0.497735856287181	NaN	283.119810062089	0.0329536259051991	1	22
7	2	LinearDistrb	31.7330697979924	0.480682135273673	NaN	283.893732179022	0.0350325589174724	1	24
7	3	DN	31.1824332848191	0.557851687818766	0	283.115313955362	0.0313700112883774	2	16
7	4	dDNb	30.9655339717865	0.55158234834671	0	283.903407471389	0.0359684222375278	2	26
7	5	dDNd	32.0394779443741	0.47745703458786	0	283.899825853252	0.0366513959542022	2	17
8	1	McFadden	12.4505004882812	-0.524676513671875	NaN	154.624702778966	0.0992528020345101	2	14
8	2	LinearDistrb	12.4036712646484	-0.597519302368164	NaN	154.255358244756	0.0724336446138082	2	16
8	3	DN	12.5159502699971	-0.53506478574127	0	154.668298932479	0.102035132441862	2	18
8	4	dDNb	12.209228515625	-0.5947509765625	0	154.204913808702	0.100967970916101	2	17
8	5	dDNd	11.9920039176941	-0.5965256690979	0	153.966394813432	0.103204286071324	2	28
9	1	McFadden	6.92156078666449	-0.167134113609791	NaN	190.295559382378	0.0960973680715756	2	30
9	2	LinearDistrb	5.98504638671875	-0.13251953125	NaN	188.401560391993	0.128624411062323	1	20
9	3	DN	0.00322484970092773	-0.202617740631104	0.152570247650146	189.951356185144	0.0974216147330689	2	11
9	4	dDNb	0.0010986328125	-0.0432647705078125	0.118048095703125	188.610735224406	0.140798600964732	2	17
9	5	dDNd	4.83634948730469	0.0315155029296875	0.00930328369140621	189.501633969258	0.911469756433674	2	24
10	1	McFadden	17.9800103604794	0.120521730184555	NaN	352.56766108169	0.0333086680889266	2	16
10	2	LinearDistrb	18.71278958289	0.102885048030134	NaN	353.634924305362	0.0329717207013124	1	19
10	3	DN	18.1062716398552	0.146881383065362	0.000168951586814403	352.600246902945	0.0377842518701251	1	22
10	4	dDNb	18.6902705430984	0.106352174282074	0	353.916040362984	0.0412768486524718	2	18
10	5	dDNd	18.1355090141296	0.155199062824249	0	353.60743434361	0.0345706774668514	2	22
11	1	McFadden	251.906513273716	1.02220490574837	NaN	395.306928665766	0.032741266410371	2	23
11	2	LinearDistrb	280.916114740889	1.42040250254795	NaN	395.324924914071	0.0346559961835923	1	24
11	3	DN	0.0010986328125	0.106423950195313	0.931396484375	369.814993732274	0.0306605876798132	1	28
11	4	dDNb	0.00106567912522593	0.0463548061028995	0.971041686827698	373.108376624289	0.0366678244095422	1	21
11	5	dDNd	0.0010986328125	0.16854248046875	0.97642822265625	362.854416077341	0.0321752686364777	2	14
12	1	McFadden	94.9037880524993	-0.347541472315788	NaN	374.350207104309	0.0335561648655734	1	24
12	2	LinearDistrb	97.0720133240102	-0.376046884746756	NaN	374.075981280923	0.0456915065276604	2	19
12	3	DN	7.05718994140625e-05	-0.335023307800293	0.638767623901367	367.389556250056	0.0252922024512431	2	23
12	4	dDNb	0.00010096539335791	-0.316681528674963	0.612039186368929	366.924773624841	0.0319014666212092	1	22
12	5	dDNd	7.05718994140625e-05	-0.304473876953125	0.597655868530273	366.950739541399	0.0315678615270289	2	17
13	1	McFadden	95.738570563035	0.588350683863973	NaN	350.595916630834	0.0383800509580164	1	21
13	2	LinearDistrb	97.9360309122922	0.894948421328945	NaN	350.657108827331	0.0283838145038896	1	24
13	3	DN	102.153173804283	0.553558707237244	0	350.626518262217	0.0329801910872534	2	20
13	4	dDNb	99.0973554700613	0.677716795064043	0.00692256703041494	350.696683870982	0.0326448791071936	1	22
13	5	dDNd	96.9425684044659	0.830910416559573	8.86402629074468e-09	350.66508868413	0.0369768751215477	1	20
14	1	McFadden	7.7621969910943	-0.0967840589134738	NaN	168.154242364348	0.0393832999995769	1	23
14	2	LinearDistrb	6.76704643343828	0.0235660648528295	NaN	168.811273255685	0.0343010557579774	1	17
14	3	DN	7.72473335266113	-0.0606712341308594	0	168.224555259047	0.0355884883678674	2	16
14	4	dDNb	6.78667449951172	-0.00187835693359376	0	168.806724365525	0.0472468557402375	1	22
14	5	dDNd	6.62648391723633	0.0540477752685547	0	168.81227760486	0.0456121956206128	2	20
15	1	McFadden	13.8213882446289	0.0569421291351318	NaN	327.867569899556	0.0355467271115512	2	16
15	2	LinearDistrb	13.5966362953186	0.0384803771972656	NaN	327.653370670498	0.0321444713016992	2	15
15	3	DN	2.04890966415405e-08	0.0874132806900889	0.337239187397063	321.716320754602	0.0265018765565957	2	27
15	4	dDNb	7.05718994140625e-05	0.0415227890014648	0.330752563476562	321.146581266361	0.0363438031442858	2	11
15	5	dDNd	0.0010986328125	0.0754241943359375	0.3259033203125	321.193829850127	0.0383851843143014	2	16
16	1	McFadden	12.3493271195003	-0.398623014004949	NaN	329.87914175319	0.0333012776828687	1	24
16	2	LinearDistrb	12.5963101139457	-0.411207011742079	NaN	331.091519867839	0.0247585515711312	1	18
16	3	DN	12.98681640625	-0.41611328125	0	329.878014545058	0.0314703013396819	2	18
16	4	dDNb	12.8426849860698	-0.433222374785692	0	331.128953822069	0.033035163558985	2	16
16	5	dDNd	12.2307670488954	-0.401240140013397	0	331.10904793277	0.0297330523012789	2	19
17	1	McFadden	31.1477418857394	-0.126357092510443	NaN	260.638859744425	0.0341344200043837	1	17
17	2	LinearDistrb	30.7463866868056	-0.118278993060812	NaN	260.527666692249	0.0327642243008881	2	17
17	3	DN	0.000835838007333223	-0.0462258390685747	0.23527512616929	245.890870504661	0.0303983908351284	1	31
17	4	dDNb	4.76837158203125e-07	-0.0311873912811279	0.241333961486816	248.338524428236	0.032024113782734	2	20
17	5	dDNd	2.27373675443232e-13	-0.0106766410932323	0.235230938642394	248.338617417854	0.0439010249227163	2	18
18	1	McFadden	44.0753326416016	-0.473548889160156	NaN	234.231307623653	0.0371991320442641	2	12
18	2	LinearDistrb	42.9435005187988	-0.461645889282227	NaN	235.706563504103	0.0487842205574872	2	15
18	3	DN	25.7782861590385	-0.438331250101328	0.136070662736893	233.759059896851	0.0317678643861686	2	15
18	4	dDNb	26.247480087249	-0.453149921966744	0.13498309638847	235.219681560538	0.0375943965399269	1	21
18	5	dDNd	25.4985046386719	-0.439978790283203	0.131378173828125	235.199405830302	0.0394272640750249	2	14
19	1	McFadden	2.34114742279053	-0.231864976882935	NaN	222.460824707553	0.0280509467584399	2	16
19	2	LinearDistrb	2.13766659796238	-0.59998509734869	NaN	219.096670763411	0.0279653775692862	1	24
19	3	DN	2.3643432976678	-0.245442782435566	0	222.441393243695	0.0299202166685091	2	26
19	4	dDNb	2.15699734613099	-0.588220439093266	0	218.993073284703	0.0314050232801867	2	20
19	5	dDNd	2.13796997070312	-0.558963012695313	0	219.170990882456	0.0351861655310678	2	13
20	1	McFadden	39.5389404296875	1.99996337890625	NaN	362.190245739069	0.0350574755503221	2	13
20	2	LinearDistrb	38.4946985496208	1.9999999998603	NaN	361.536754035185	0.0359707320165606	2	18
20	3	DN	0.000653794047366318	1.99999724753023	0.331117961247378	354.918510289142	0.0338471984441968	1	27
20	4	dDNb	7.05718994140625e-05	1.99999942779541	0.309563827514648	354.143350005871	0.0354130220232213	2	15
20	5	dDNd	4.76837158203125e-07	1.99999996423721	0.318345236778259	354.131731148151	0.0285139662900171	2	18
21	1	McFadden	0.241149425506592	0.402915477752686	NaN	385.83952667368	0.0357314962777095	2	16
21	2	LinearDistrb	0.324784429656575	-0.267293803370558	NaN	386.460459332503	0.0342521631942523	1	32
21	3	DN	0.257179260253906	0.127848434448242	0	386.002921705782	0.0361136490420349	1	25
21	4	dDNb	3.37604433298111e-09	0.582762823451776	3.6561412183335	385.512526051979	0.0317631010302543	1	29
21	5	dDNd	4.76837158203125e-07	0.751433563232422	3.7049165725708	385.407039515495	0.0290182999153866	2	16
22	1	McFadden	2.6988590284509	0.167574682029635	NaN	350.097510615365	0.0327396359149524	1	19
22	2	LinearDistrb	1.99021148681641	0.292891693115234	NaN	348.618883213945	0.0309746738587898	1	24
22	3	DN	0.981649696826935	0.17142421901226	0.323060590028763	348.23948081767	0.039002800627136	2	11
22	4	dDNb	1.24219158291817	0.29980800151825	0.167253629863262	347.247465049591	0.0351633205269858	2	20
22	5	dDNd	1.43503332138062	0.228275918960571	0.134390926361084	348.298617377736	0.0288137421074474	2	19
23	1	McFadden	24.5851230621338	-0.474571132659912	NaN	204.465065468476	0.0240725540064369	1	17
23	2	LinearDistrb	24.342571169138	-0.514334306865931	NaN	205.574060727643	0.02551772577829	2	18
23	3	DN	24.5248097479343	-0.467183423787356	0	204.486972719851	0.0249338968617107	2	20
23	4	dDNb	24.3854617700963	-0.516742994780543	0.000334936214130721	205.54155189866	0.026371598998823	1	34
23	5	dDNd	24.1437072753906	-0.509966278076172	0	205.524936871213	0.0259439660760095	2	17
24	1	McFadden	28.9811692237854	0.449881458282471	NaN	358.786888523372	0.0312611288208011	2	17
24	2	LinearDistrb	0.803017497062683	1.60197490751743	NaN	248.635854291963	0.068439506195684	2	24
24	3	DN	1.67347025126219e-10	0.418394901919965	0.558097408016329	320.195299408697	0.0269721547390092	2	17
